# wavelength_um  transit_depth
2.9951368688e-01 1.2284920580e-02
3.0071174162e-01 1.2283219780e-02
3.0191458859e-01 1.2281522492e-02
3.0312224694e-01 1.2279828731e-02
3.0433473593e-01 1.2278138494e-02
3.0555207488e-01 1.2276451804e-02
3.0677428318e-01 1.2274769099e-02
3.0800138031e-01 1.2273089524e-02
3.0923338583e-01 1.2271413538e-02
3.1047031937e-01 1.2269741127e-02
3.1171220065e-01 1.2268072333e-02
3.1295904945e-01 1.2266407187e-02
3.1421088565e-01 1.2264745611e-02
3.1546772919e-01 1.2263087251e-02
3.1672960011e-01 1.2261432913e-02
3.1799651851e-01 1.2259782206e-02
3.1926850458e-01 1.2258134738e-02
3.2054557860e-01 1.2256490930e-02
3.2182776092e-01 1.2254850804e-02
3.2311507196e-01 1.2253214302e-02
3.2440753225e-01 1.2251581474e-02
3.2570516238e-01 1.2249952331e-02
3.2700798303e-01 1.2248326459e-02
3.2831601496e-01 1.2246704219e-02
3.2962927902e-01 1.2245085709e-02
3.3094779614e-01 1.2243470826e-02
3.3227158732e-01 1.2241859211e-02
3.3360067367e-01 1.2240251303e-02
3.3493507636e-01 1.2238647236e-02
3.3627481667e-01 1.2237046583e-02
3.3761991594e-01 1.2235449213e-02
3.3897039560e-01 1.2233855362e-02
3.4032627718e-01 1.2232265215e-02
3.4168758229e-01 1.2230678345e-02
3.4305433262e-01 1.2229095109e-02
3.4442654995e-01 1.2227515151e-02
3.4580425615e-01 1.2225939183e-02
3.4718747318e-01 1.2224366506e-02
3.4857622307e-01 1.2222797047e-02
3.4997052796e-01 1.2221231092e-02
3.5137041007e-01 1.2219668786e-02
3.5277589171e-01 1.2218109716e-02
3.5418699528e-01 1.2216554265e-02
3.5560374326e-01 1.2215001973e-02
3.5702615823e-01 1.2213453140e-02
3.5845426287e-01 1.2211907762e-02
3.5988807992e-01 1.2210365726e-02
3.6132763224e-01 1.2208827281e-02
3.6277294277e-01 1.2207293254e-02
3.6422403454e-01 1.2205760802e-02
3.6568093068e-01 1.2204231487e-02
3.6714365440e-01 1.2202705496e-02
3.6861222902e-01 1.2201182435e-02
3.7008667793e-01 1.2199663085e-02
3.7156702464e-01 1.2198146684e-02
3.7305329274e-01 1.2196633896e-02
3.7454550591e-01 1.2195124297e-02
3.7604368794e-01 1.2193618188e-02
3.7754786269e-01 1.2192114693e-02
3.7905805414e-01 1.2190614241e-02
3.8057428636e-01 1.2189116925e-02
3.8209658350e-01 1.2187623220e-02
3.8362496984e-01 1.2186131982e-02
3.8515946971e-01 1.2184643882e-02
3.8670010759e-01 1.2183158582e-02
3.8824690802e-01 1.2181676607e-02
3.8979989566e-01 1.2180197629e-02
3.9135909524e-01 1.2178721464e-02
3.9292453162e-01 1.2177249110e-02
3.9449622975e-01 1.2175780855e-02
3.9607421467e-01 1.2174314838e-02
3.9765851152e-01 1.2172860808e-02
3.9924914557e-01 1.2171395301e-02
4.0084614215e-01 1.2169937051e-02
4.0244952672e-01 1.2168477427e-02
4.0405932483e-01 1.2167022357e-02
4.0567556213e-01 1.2165568955e-02
4.0729826438e-01 1.2164119510e-02
4.0892745743e-01 1.2162673202e-02
4.1056316726e-01 1.2161230225e-02
4.1220541993e-01 1.2159790546e-02
4.1385424161e-01 1.2158353978e-02
4.1550965858e-01 1.2156921185e-02
4.1717169721e-01 1.2155492560e-02
4.1884038400e-01 1.2154061782e-02
4.2051574554e-01 1.2152634989e-02
4.2219780852e-01 1.2151209689e-02
4.2388659975e-01 1.2149787870e-02
4.2558214615e-01 1.2148368459e-02
4.2728447474e-01 1.2146950305e-02
4.2899361264e-01 1.2145535522e-02
4.3070958709e-01 1.2144122967e-02
4.3243242543e-01 1.2142712970e-02
4.3416215514e-01 1.2141305526e-02
4.3589880376e-01 1.2139901689e-02
4.3764239897e-01 1.2138500873e-02
4.3939296857e-01 1.2137115821e-02
4.4115054044e-01 1.2135732808e-02
4.4291514260e-01 1.2134421847e-02
4.4468680317e-01 1.2132973642e-02
4.4646555039e-01 1.2131604203e-02
4.4825141259e-01 1.2130196077e-02
4.5004441824e-01 1.2128792997e-02
4.5184459591e-01 1.2127390414e-02
4.5365197430e-01 1.2125998051e-02
4.5546658219e-01 1.2124609454e-02
4.5728844852e-01 1.2123225451e-02
4.5911760232e-01 1.2121846123e-02
4.6095407272e-01 1.2120470628e-02
4.6279788902e-01 1.2119098931e-02
4.6464908057e-01 1.2117730741e-02
4.6650767689e-01 1.2116378777e-02
4.6837370760e-01 1.2115018554e-02
4.7024720243e-01 1.2113680946e-02
4.7212819124e-01 1.2112302458e-02
4.7401670401e-01 1.2110949588e-02
4.7591277082e-01 1.2109581995e-02
4.7781642191e-01 1.2108221031e-02
4.7972768759e-01 1.2106855034e-02
4.8164659834e-01 1.2105498777e-02
4.8357318474e-01 1.2104146734e-02
4.8550747748e-01 1.2102822424e-02
4.8744950739e-01 1.2101466376e-02
4.8939930542e-01 1.2100115752e-02
4.9135690264e-01 1.2098770238e-02
4.9332233025e-01 1.2097433105e-02
4.9529561957e-01 1.2096091352e-02
4.9727680205e-01 1.2094769836e-02
4.9926590926e-01 1.2093493478e-02
5.0126297289e-01 1.2092296102e-02
5.0326802478e-01 1.2091634227e-02
5.0528109688e-01 1.2089984168e-02
5.0730222127e-01 1.2088646890e-02
5.0933143016e-01 1.2087350706e-02
5.1136875588e-01 1.2085922784e-02
5.1341423090e-01 1.2084469380e-02
5.1546788782e-01 1.2083015804e-02
5.1752975937e-01 1.2081581921e-02
5.1959987841e-01 1.2080203898e-02
5.2167827793e-01 1.2078847553e-02
5.2376499104e-01 1.2077525338e-02
5.2586005100e-01 1.2076196481e-02
5.2796349121e-01 1.2074884472e-02
5.3007534517e-01 1.2073574938e-02
5.3219564655e-01 1.2072266168e-02
5.3432442914e-01 1.2070950271e-02
5.3646172685e-01 1.2069686437e-02
5.3860757376e-01 1.2068465569e-02
5.4076200406e-01 1.2067521447e-02
5.4292505207e-01 1.2066087906e-02
5.4509675228e-01 1.2064767152e-02
5.4727713929e-01 1.2063561605e-02
5.4946624785e-01 1.2062130638e-02
5.5166411284e-01 1.2060783887e-02
5.5387076929e-01 1.2059397551e-02
5.5608625237e-01 1.2058027811e-02
5.5831059738e-01 1.2056681042e-02
5.6054383977e-01 1.2055372833e-02
5.6278601513e-01 1.2054062198e-02
5.6503715919e-01 1.2052764112e-02
5.6729730782e-01 1.2051954497e-02
5.6956649705e-01 1.2051102525e-02
5.7184476304e-01 1.2049303604e-02
5.7413214209e-01 1.2048174488e-02
5.7642867066e-01 1.2046921243e-02
5.7873438535e-01 1.2045569485e-02
5.8104932289e-01 1.2044581289e-02
5.8337352018e-01 1.2043214096e-02
5.8570701426e-01 1.2042624358e-02
5.8804984232e-01 1.2046641991e-02
5.9040204169e-01 1.2046384189e-02
5.9276364985e-01 1.2041509293e-02
5.9513470445e-01 1.2041870570e-02
5.9751524327e-01 1.2040088742e-02
5.9990530424e-01 1.2038610405e-02
6.0230492546e-01 1.2036238149e-02
6.0471414516e-01 1.2033678745e-02
6.0713300174e-01 1.2031524803e-02
6.0956153375e-01 1.2029607710e-02
6.1199977988e-01 1.2027848389e-02
6.1444777900e-01 1.2026311217e-02
6.1690557012e-01 1.2024950435e-02
6.1937319240e-01 1.2023567217e-02
6.2185068517e-01 1.2022312072e-02
6.2433808791e-01 1.2021209130e-02
6.2683544026e-01 1.2020729454e-02
6.2934278202e-01 1.2018748569e-02
6.3186015315e-01 1.2017749202e-02
6.3438759376e-01 1.2016418315e-02
6.3692514414e-01 1.2015287370e-02
6.3947284472e-01 1.2014434456e-02
6.4203073609e-01 1.2013302012e-02
6.4459885904e-01 1.2014657676e-02
6.4717725447e-01 1.2017489781e-02
6.4976596349e-01 1.2012505501e-02
6.5236502735e-01 1.2012543973e-02
6.5497448746e-01 1.2010263811e-02
6.5759438541e-01 1.2010235790e-02
6.6022476295e-01 1.2007341925e-02
6.6286566200e-01 1.2005205899e-02
6.6551712465e-01 1.2003434984e-02
6.6817919315e-01 1.2001322071e-02
6.7085190992e-01 1.1999335449e-02
6.7353531756e-01 1.1997838568e-02
6.7622945883e-01 1.1996263764e-02
6.7893437666e-01 1.1995068331e-02
6.8165011417e-01 1.1993884000e-02
6.8437671463e-01 1.1992580342e-02
6.8711422149e-01 1.1991464013e-02
6.8986267837e-01 1.1992614590e-02
6.9262212908e-01 1.2008059261e-02
6.9539261760e-01 1.1998767482e-02
6.9817418807e-01 1.1992374297e-02
7.0096688482e-01 1.1995093667e-02
7.0377075236e-01 1.1995897816e-02
7.0658583537e-01 1.1994074871e-02
7.0941217871e-01 1.1994475937e-02
7.1224982743e-01 1.1996127175e-02
7.1509882674e-01 1.2004740119e-02
7.1795922205e-01 1.2042619923e-02
7.2083105893e-01 1.2019956411e-02
7.2371438317e-01 1.2012459471e-02
7.2660924070e-01 1.2013856771e-02
7.2951567766e-01 1.2009295329e-02
7.3243374038e-01 1.2010107410e-02
7.3536347534e-01 1.2004527611e-02
7.3830492924e-01 1.1999638582e-02
7.4125814896e-01 1.1995660281e-02
7.4422318155e-01 1.1987267035e-02
7.4720007428e-01 1.1984102324e-02
7.5018887457e-01 1.1977095000e-02
7.5318963007e-01 1.1973226920e-02
7.5620238859e-01 1.1969555461e-02
7.5922719815e-01 1.1965993047e-02
7.6226410694e-01 1.1962875166e-02
7.6531316337e-01 1.1961072531e-02
7.6837441602e-01 1.1959170574e-02
7.7144791369e-01 1.1957414924e-02
7.7453370534e-01 1.1955652328e-02
7.7763184016e-01 1.1955110997e-02
7.8074236752e-01 1.1955744058e-02
7.8386533699e-01 1.1957126573e-02
7.8700079834e-01 1.1959837064e-02
7.9014880153e-01 1.1956800845e-02
7.9330939674e-01 1.1953453285e-02
7.9648263433e-01 1.1957834847e-02
7.9966856486e-01 1.1960610061e-02
8.0286723912e-01 1.1960324143e-02
8.0607870808e-01 1.1965096261e-02
8.0930302291e-01 1.1988178364e-02
8.1254023500e-01 1.2004521768e-02
8.1579039594e-01 1.1999738291e-02
8.1905355753e-01 1.1983365322e-02
8.2232977176e-01 1.1997347979e-02
8.2561909084e-01 1.1977895095e-02
8.2892156721e-01 1.1986665088e-02
8.3223725348e-01 1.1981208939e-02
8.3556620249e-01 1.1981697923e-02
8.3890846730e-01 1.1974261587e-02
8.4226410117e-01 1.1969668720e-02
8.4563315757e-01 1.1963911797e-02
8.4901569020e-01 1.1956862199e-02
8.5241175297e-01 1.1949842091e-02
8.5582139998e-01 1.1945360114e-02
8.5924468558e-01 1.1938459300e-02
8.6268166432e-01 1.1935452944e-02
8.6613239098e-01 1.1930885916e-02
8.6959692054e-01 1.1929557991e-02
8.7307530822e-01 1.1928122545e-02
8.7656760946e-01 1.1926651754e-02
8.8007387989e-01 1.1925327603e-02
8.8359417541e-01 1.1923692010e-02
8.8712855212e-01 1.1929176484e-02
8.9067706632e-01 1.1961265879e-02
8.9423977459e-01 1.1987537652e-02
8.9781673369e-01 1.1990185771e-02
9.0140800062e-01 1.1975172824e-02
9.0501363262e-01 1.1959199081e-02
9.0863368715e-01 1.1968862271e-02
9.1226822190e-01 1.1987708231e-02
9.1591729479e-01 1.2009171663e-02
9.1958096397e-01 1.1998101586e-02
9.2325928783e-01 1.1995835776e-02
9.2695232498e-01 1.2087337325e-02
9.3066013428e-01 1.2131557388e-02
9.3438277481e-01 1.2133687815e-02
9.3812030591e-01 1.2122557311e-02
9.4187278714e-01 1.2099501513e-02
9.4564027829e-01 1.2087673563e-02
9.4942283940e-01 1.2098700001e-02
9.5322053076e-01 1.2089728536e-02
9.5703341288e-01 1.2105370313e-02
9.6086154653e-01 1.2101595610e-02
9.6470499272e-01 1.2088104189e-02
9.6856381269e-01 1.2072997996e-02
9.7243806794e-01 1.2074961569e-02
9.7632782021e-01 1.2061094351e-02
9.8023313149e-01 1.2054302507e-02
9.8415406402e-01 1.2047412872e-02
9.8809068027e-01 1.2030096031e-02
9.9204304299e-01 1.2022127935e-02
9.9601121517e-01 1.2007994307e-02
9.9999526003e-01 1.1993155243e-02
1.0039952411e+00 1.1982370985e-02
1.0080112220e+00 1.1967626041e-02
1.0120432669e+00 1.1951655403e-02
1.0160914400e+00 1.1940935112e-02
1.0201558057e+00 1.1931008449e-02
1.0242364290e+00 1.1922773438e-02
1.0283333747e+00 1.1915177133e-02
1.0324467082e+00 1.1907753078e-02
1.0365764950e+00 1.1900426769e-02
1.0407228010e+00 1.1897290369e-02
1.0448856922e+00 1.1898366847e-02
1.0490652350e+00 1.1897677261e-02
1.0532614959e+00 1.1895848476e-02
1.0574745419e+00 1.1895738448e-02
1.0617044401e+00 1.1898057941e-02
1.0659512578e+00 1.1899501635e-02
1.0702150629e+00 1.1904411482e-02
1.0744959231e+00 1.1902559152e-02
1.0787939068e+00 1.1910728698e-02
1.0831090824e+00 1.1912093837e-02
1.0874415188e+00 1.1940702047e-02
1.0917912848e+00 1.1998208801e-02
1.0961584500e+00 1.2043291382e-02
1.1005430838e+00 1.2062766950e-02
1.1049452561e+00 1.2073992303e-02
1.1093650371e+00 1.2100742855e-02
1.1138024973e+00 1.2111448849e-02
1.1182577073e+00 1.2144363840e-02
1.1227307381e+00 1.2115953899e-02
1.1272216610e+00 1.2107399924e-02
1.1317305477e+00 1.2134000504e-02
1.1362574699e+00 1.2168196419e-02
1.1408024998e+00 1.2106233366e-02
1.1453657098e+00 1.2131506949e-02
1.1499471726e+00 1.2104611852e-02
1.1545469613e+00 1.2123975000e-02
1.1591651491e+00 1.2114957164e-02
1.1638018097e+00 1.2125421818e-02
1.1684570170e+00 1.2116693553e-02
1.1731308450e+00 1.2098975271e-02
1.1778233684e+00 1.2099595529e-02
1.1825346619e+00 1.2080409996e-02
1.1872648005e+00 1.2075419714e-02
1.1920138597e+00 1.2045054309e-02
1.1967819152e+00 1.2035002981e-02
1.2015690428e+00 1.2020260360e-02
1.2063753190e+00 1.2003198271e-02
1.2112008203e+00 1.2004359928e-02
1.2160456236e+00 1.1987214650e-02
1.2209098061e+00 1.1980105737e-02
1.2257934453e+00 1.1972617652e-02
1.2306966191e+00 1.1958881618e-02
1.2356194055e+00 1.1956091642e-02
1.2405618832e+00 1.1938015638e-02
1.2455241307e+00 1.1931511312e-02
1.2505062272e+00 1.1920535279e-02
1.2555082521e+00 1.1917663371e-02
1.2605302851e+00 1.1921025522e-02
1.2655724063e+00 1.1923996525e-02
1.2706346959e+00 1.1927491744e-02
1.2757172347e+00 1.1936271677e-02
1.2808201036e+00 1.1943272235e-02
1.2859433840e+00 1.1959770483e-02
1.2910871576e+00 1.1969050824e-02
1.2962515062e+00 1.1970330998e-02
1.3014365122e+00 1.1985713619e-02
1.3066422583e+00 1.1991520853e-02
1.3118688273e+00 1.1994238452e-02
1.3171163026e+00 1.2021725568e-02
1.3223847678e+00 1.2027714024e-02
1.3276743069e+00 1.2067813715e-02
1.3329850041e+00 1.2173153521e-02
1.3383169442e+00 1.2242156955e-02
1.3436702119e+00 1.2257089924e-02
1.3490448928e+00 1.2295454780e-02
1.3544410723e+00 1.2326122736e-02
1.3598588366e+00 1.2341776169e-02
1.3652982720e+00 1.2304377457e-02
1.3707594651e+00 1.2322083429e-02
1.3762425029e+00 1.2319896052e-02
1.3817474729e+00 1.2309667278e-02
1.3872744628e+00 1.2298418990e-02
1.3928235607e+00 1.2305590848e-02
1.3983948549e+00 1.2323298962e-02
1.4039884343e+00 1.2306366460e-02
1.4096043881e+00 1.2344460098e-02
1.4152428056e+00 1.2332291966e-02
1.4209037769e+00 1.2337702350e-02
1.4265873920e+00 1.2361960320e-02
1.4322937415e+00 1.2323806593e-02
1.4380229165e+00 1.2322388087e-02
1.4437750082e+00 1.2321334736e-02
1.4495501082e+00 1.2286959326e-02
1.4553483086e+00 1.2266060047e-02
1.4611697019e+00 1.2260304703e-02
1.4670143807e+00 1.2257287771e-02
1.4728824382e+00 1.2244894726e-02
1.4787739680e+00 1.2238881823e-02
1.4846890638e+00 1.2237313781e-02
1.4906278201e+00 1.2224126267e-02
1.4965903314e+00 1.2207539293e-02
1.5025766927e+00 1.2202047460e-02
1.5085869995e+00 1.2186473307e-02
1.5146213475e+00 1.2160147829e-02
1.5206798328e+00 1.2153937578e-02
1.5267625522e+00 1.2142498898e-02
1.5328696024e+00 1.2125847824e-02
1.5390010808e+00 1.2106093294e-02
1.5451570851e+00 1.2089677233e-02
1.5513377135e+00 1.2069872665e-02
1.5575430643e+00 1.2085068411e-02
1.5637732366e+00 1.2068379922e-02
1.5700283295e+00 1.2036864051e-02
1.5763084428e+00 1.2027148830e-02
1.5826136766e+00 1.2026363660e-02
1.5889441313e+00 1.2009818063e-02
1.5952999078e+00 1.1995007223e-02
1.6016811075e+00 1.1995018717e-02
1.6080878319e+00 1.1989178144e-02
1.6145201832e+00 1.1987256613e-02
1.6209782640e+00 1.1990650848e-02
1.6274621770e+00 1.1987292744e-02
1.6339720257e+00 1.1992529991e-02
1.6405079138e+00 1.1984539296e-02
1.6470699455e+00 1.1981548324e-02
1.6536582253e+00 1.1984105350e-02
1.6602728582e+00 1.1994781385e-02
1.6669139496e+00 1.2002784683e-02
1.6735816054e+00 1.2012233987e-02
1.6802759318e+00 1.1983900158e-02
1.6869970355e+00 1.1989547797e-02
1.6937450237e+00 1.2002870876e-02
1.7005200038e+00 1.2012924249e-02
1.7073220838e+00 1.2017747027e-02
1.7141513721e+00 1.2040713116e-02
1.7210079776e+00 1.2062439946e-02
1.7278920095e+00 1.2076585047e-02
1.7348035776e+00 1.2101425112e-02
1.7417427919e+00 1.2100357464e-02
1.7487097630e+00 1.2128346014e-02
1.7557046021e+00 1.2132946322e-02
1.7627274205e+00 1.2135377501e-02
1.7697783302e+00 1.2181158445e-02
1.7768574435e+00 1.2187598357e-02
1.7839648733e+00 1.2219393022e-02
1.7911007328e+00 1.2214817238e-02
1.7982651357e+00 1.2232325351e-02
1.8054581962e+00 1.2257297675e-02
1.8126800290e+00 1.2241988976e-02
1.8199307491e+00 1.2281125116e-02
1.8272104721e+00 1.2249053190e-02
1.8345193140e+00 1.2281620263e-02
1.8418573913e+00 1.2265858990e-02
1.8492248209e+00 1.2296546320e-02
1.8566217201e+00 1.2322699344e-02
1.8640482070e+00 1.2317894060e-02
1.8715043998e+00 1.2312247178e-02
1.8789904174e+00 1.2282862458e-02
1.8865063791e+00 1.2257201868e-02
1.8940524046e+00 1.2249642901e-02
1.9016286143e+00 1.2243225996e-02
1.9092351287e+00 1.2240466997e-02
1.9168720692e+00 1.2228516860e-02
1.9245395575e+00 1.2251803253e-02
1.9322377157e+00 1.2264952033e-02
1.9399666666e+00 1.2294314683e-02
1.9477265333e+00 1.2270252217e-02
1.9555174394e+00 1.2287455287e-02
1.9633395092e+00 1.2265536322e-02
1.9711928672e+00 1.2266676252e-02
1.9790776387e+00 1.2265398288e-02
1.9869939492e+00 1.2251130666e-02
1.9949419250e+00 1.2235584163e-02
2.0029216927e+00 1.2225549894e-02
2.0109333795e+00 1.2209613940e-02
2.0189771130e+00 1.2210083775e-02
2.0270530214e+00 1.2190902277e-02
2.0351612335e+00 1.2157833096e-02
2.0433018785e+00 1.2161735202e-02
2.0514750860e+00 1.2147489965e-02
2.0596809863e+00 1.2121900298e-02
2.0679197103e+00 1.2119230145e-02
2.0761913891e+00 1.2104945098e-02
2.0844961547e+00 1.2102116016e-02
2.0928341393e+00 1.2092252395e-02
2.1012054758e+00 1.2089088940e-02
2.1096102977e+00 1.2080831052e-02
2.1180487389e+00 1.2082903909e-02
2.1265209339e+00 1.2075176072e-02
2.1350270176e+00 1.2070588447e-02
2.1435671257e+00 1.2074937915e-02
2.1521413942e+00 1.2079573397e-02
2.1607499598e+00 1.2072907066e-02
2.1693929596e+00 1.2079828788e-02
2.1780705315e+00 1.2081797047e-02
2.1867828136e+00 1.2090787647e-02
2.1955299448e+00 1.2105058919e-02
2.2043120646e+00 1.2131369586e-02
2.2131293129e+00 1.2115850979e-02
2.2219818301e+00 1.2126133905e-02
2.2308697574e+00 1.2128633067e-02
2.2397932365e+00 1.2138603991e-02
2.2487524094e+00 1.2141910871e-02
2.2577474191e+00 1.2148281964e-02
2.2667784087e+00 1.2155789519e-02
2.2758455224e+00 1.2154871088e-02
2.2849489045e+00 1.2160785561e-02
2.2940887001e+00 1.2210033304e-02
2.3032650549e+00 1.2213783788e-02
2.3124781151e+00 1.2211674835e-02
2.3217280276e+00 1.2244906122e-02
2.3310149397e+00 1.2242898233e-02
2.3403389994e+00 1.2232421126e-02
2.3497003554e+00 1.2235046917e-02
2.3590991568e+00 1.2225956873e-02
2.3685355535e+00 1.2243079473e-02
2.3780096957e+00 1.2236748112e-02
2.3875217345e+00 1.2247022816e-02
2.3970718214e+00 1.2230278791e-02
2.4066601087e+00 1.2228227535e-02
2.4162867491e+00 1.2244266332e-02
2.4259518961e+00 1.2235135600e-02
2.4356557037e+00 1.2250108781e-02
2.4453983265e+00 1.2262938335e-02
2.4551799198e+00 1.2269972330e-02
2.4650006395e+00 1.2271646107e-02
2.4748606421e+00 1.2306536098e-02
2.4847600846e+00 1.2303174125e-02
2.4946991250e+00 1.2314496520e-02
2.5046779215e+00 1.2335783092e-02
2.5146966332e+00 1.2364515182e-02
2.5247554197e+00 1.2367330449e-02
2.5348544414e+00 1.2370996385e-02
2.5449938591e+00 1.2393410880e-02
2.5551738346e+00 1.2371889447e-02
2.5653945299e+00 1.2424054683e-02
2.5756561080e+00 1.2367047794e-02
2.5859587325e+00 1.2393555500e-02
2.5963025674e+00 1.2392648796e-02
2.6066877777e+00 1.2361730939e-02
2.6171145288e+00 1.2368327635e-02
2.6275829869e+00 1.2365716309e-02
2.6380933188e+00 1.2355097140e-02
2.6486456921e+00 1.2353282965e-02
2.6592402749e+00 1.2342073048e-02
2.6698772360e+00 1.2439967674e-02
2.6805567449e+00 1.2430787692e-02
2.6912789719e+00 1.2442376707e-02
2.7020440878e+00 1.2423238133e-02
2.7128522641e+00 1.2433453873e-02
2.7237036732e+00 1.2431050770e-02
2.7345984879e+00 1.2383685933e-02
2.7455368818e+00 1.2388701330e-02
2.7565190294e+00 1.2385627890e-02
2.7675451055e+00 1.2428082347e-02
2.7786152859e+00 1.2405089810e-02
2.7897297471e+00 1.2424222531e-02
2.8008886660e+00 1.2422440451e-02
2.8120922207e+00 1.2400077723e-02
2.8233405896e+00 1.2430158701e-02
2.8346339520e+00 1.2410310843e-02
2.8459724878e+00 1.2394981270e-02
2.8573563777e+00 1.2414722222e-02
2.8687858032e+00 1.2416341887e-02
2.8802609464e+00 1.2367740676e-02
2.8917819902e+00 1.2395315441e-02
2.9033491182e+00 1.2421867315e-02
2.9149625147e+00 1.2388079978e-02
2.9266223647e+00 1.2405689251e-02
2.9383288542e+00 1.2344303620e-02
2.9500821696e+00 1.2390179771e-02
2.9618824983e+00 1.2361107044e-02
2.9737300283e+00 1.2356900702e-02
2.9856249484e+00 1.2354063297e-02
2.9975674482e+00 1.2322622803e-02
3.0095577180e+00 1.2351421532e-02
3.0215959488e+00 1.2318950912e-02
3.0336823326e+00 1.2321357052e-02
3.0458170620e+00 1.2324115478e-02
3.0580003302e+00 1.2299630731e-02
3.0702323315e+00 1.2305354008e-02
3.0825132608e+00 1.2284483606e-02
3.0948433139e+00 1.2320921007e-02
3.1072226871e+00 1.2306111553e-02
3.1196515779e+00 1.2312089706e-02
3.1321301842e+00 1.2307890090e-02
3.1446587049e+00 1.2349086224e-02
3.1572373398e+00 1.2330956668e-02
3.1698662891e+00 1.2346691032e-02
3.1825457543e+00 1.2335584847e-02
3.1952759373e+00 1.2359545832e-02
3.2080570410e+00 1.2370013836e-02
3.2208892692e+00 1.2337353228e-02
3.2337728263e+00 1.2326282162e-02
3.2467079176e+00 1.2327333884e-02
3.2596947493e+00 1.2285013823e-02
3.2727335283e+00 1.2278387632e-02
3.2858244624e+00 1.2266978169e-02
3.2989677602e+00 1.2271591313e-02
3.3121636313e+00 1.2352995396e-02
3.3254122858e+00 1.2499848076e-02
3.3387139349e+00 1.2458812538e-02
3.3520687907e+00 1.2384317760e-02
3.3654770658e+00 1.2310190375e-02
3.3789389741e+00 1.2299820546e-02
3.3924547300e+00 1.2282345271e-02
3.4060245489e+00 1.2303784656e-02
3.4196486471e+00 1.2299944553e-02
3.4333272417e+00 1.2295633748e-02
3.4470605507e+00 1.2291299599e-02
3.4608487929e+00 1.2293844298e-02
3.4746921880e+00 1.2287606093e-02
3.4885909568e+00 1.2288224935e-02
3.5025453206e+00 1.2265868917e-02
3.5165555019e+00 1.2261141277e-02
3.5306217239e+00 1.2250160037e-02
3.5447442108e+00 1.2249115374e-02
3.5589231876e+00 1.2221802833e-02
3.5731588804e+00 1.2210694173e-02
3.5874515159e+00 1.2195114391e-02
3.6018013220e+00 1.2188593075e-02
3.6162085273e+00 1.2174179095e-02
3.6306733614e+00 1.2161194198e-02
3.6451960548e+00 1.2141885137e-02
3.6597768390e+00 1.2126147124e-02
3.6744159464e+00 1.2118623812e-02
3.6891136102e+00 1.2101053501e-02
3.7038700646e+00 1.2093014695e-02
3.7186855449e+00 1.2073098775e-02
3.7335602871e+00 1.2078291529e-02
3.7484945282e+00 1.2069927565e-02
3.7634885063e+00 1.2060416061e-02
3.7785424604e+00 1.2052874005e-02
3.7936566302e+00 1.2045382150e-02
3.8088312567e+00 1.2044364348e-02
3.8240665817e+00 1.2040736675e-02
3.8393628481e+00 1.2031706214e-02
3.8547202995e+00 1.2022133912e-02
3.8701391807e+00 1.2018293675e-02
3.8856197374e+00 1.2022429972e-02
3.9011622163e+00 1.2013934162e-02
3.9167668652e+00 1.2008573154e-02
3.9324339327e+00 1.2003239089e-02
3.9481636684e+00 1.2015429837e-02
3.9639563231e+00 1.1998042427e-02
3.9798121484e+00 1.2021632507e-02
3.9957313969e+00 1.2008824339e-02
4.0117143225e+00 1.2002130783e-02
4.0277611798e+00 1.2024983021e-02
4.0438722245e+00 1.2017000738e-02
4.0600477134e+00 1.2025527823e-02
4.0762879043e+00 1.2049017816e-02
4.0925930559e+00 1.2042384748e-02
4.1089634281e+00 1.2059720255e-02
4.1253992818e+00 1.2084136097e-02
4.1419008790e+00 1.2061608971e-02
4.1584684825e+00 1.2100970242e-02
4.1751023564e+00 1.2129707188e-02
4.1918027658e+00 1.2166299532e-02
4.2085699769e+00 1.2211353475e-02
4.2254042568e+00 1.2249635482e-02
4.2423058738e+00 1.2282565584e-02
4.2592750973e+00 1.2294383037e-02
4.2763121977e+00 1.2322497367e-02
4.2934174465e+00 1.2315181053e-02
4.3105911163e+00 1.2334586371e-02
4.3278334808e+00 1.2327460445e-02
4.3451448147e+00 1.2338744144e-02
4.3625253940e+00 1.2336583689e-02
4.3799754955e+00 1.2341628678e-02
4.3974953975e+00 1.2356156361e-02
4.4150853791e+00 1.2349326004e-02
4.4327457206e+00 1.2385262429e-02
4.4504767035e+00 1.2369857240e-02
4.4682786103e+00 1.2382456592e-02
4.4861517248e+00 1.2394494705e-02
4.5040963317e+00 1.2390080435e-02
4.5221127170e+00 1.2402361070e-02
4.5402011679e+00 1.2408047043e-02
4.5583619725e+00 1.2410186076e-02
4.5765954204e+00 1.2398303347e-02
4.5949018021e+00 1.2400752236e-02
4.6132814093e+00 1.2376370249e-02
4.6317345349e+00 1.2390065956e-02
4.6502614731e+00 1.2374692068e-02
4.6688625190e+00 1.2322081863e-02
4.6875379690e+00 1.2346726172e-02
4.7062881209e+00 1.2372883876e-02
4.7251132734e+00 1.2381476823e-02
4.7440137265e+00 1.2376146627e-02
4.7629897814e+00 1.2387204837e-02
4.7820417405e+00 1.2410443050e-02
4.8011699075e+00 1.2375050571e-02
4.8203745871e+00 1.2384879846e-02
4.8396560855e+00 1.2378531118e-02
4.8590147098e+00 1.2368027016e-02
4.8784507687e+00 1.2373151164e-02
4.8979645717e+00 1.2349528839e-02
4.9175564300e+00 1.2355931273e-02
4.9372266557e+00 1.2357388240e-02
4.9569755624e+00 1.2357651393e-02
4.9768034646e+00 1.2326547036e-02
4.9967106785e+00 1.2331620162e-02
5.0166975212e+00 1.2334948910e-02
5.0367643113e+00 1.2313275260e-02
5.0569113685e+00 1.2305594965e-02
5.0771390140e+00 1.2304948936e-02
5.0974475700e+00 1.2275433736e-02
5.1178373603e+00 1.2300804706e-02
5.1383087098e+00 1.2354404866e-02
5.1588619446e+00 1.2289626854e-02
5.1794973924e+00 1.2291728306e-02
5.2002153819e+00 1.2305484200e-02
5.2210162435e+00 1.2310494949e-02
5.2419003085e+00 1.2287966124e-02
5.2628679097e+00 1.2280012441e-02
5.2839193813e+00 1.2358673951e-02
5.3050550588e+00 1.2274501886e-02
5.3262752791e+00 1.2278645910e-02
5.3475803802e+00 1.2334416986e-02
5.3689707017e+00 1.2318784808e-02
5.3904465845e+00 1.2301599596e-02
5.4120083709e+00 1.2388205582e-02
5.4336564043e+00 1.2343684929e-02
5.4553910300e+00 1.2325474075e-02
5.4772125941e+00 1.2332270831e-02
5.4991214445e+00 1.2292333613e-02
5.5211179302e+00 1.2370036153e-02
5.5432024020e+00 1.2347793490e-02
5.5653752116e+00 1.2362157778e-02
5.5876367124e+00 1.2340116228e-02
5.6099872593e+00 1.2359061207e-02
5.6324272083e+00 1.2317632213e-02
5.6549569171e+00 1.2364151346e-02
5.6775767448e+00 1.2356267331e-02
5.7002870518e+00 1.2359215359e-02
5.7230882000e+00 1.2386686105e-02
5.7459805528e+00 1.2331550533e-02
5.7689644750e+00 1.2380071174e-02
5.7920403329e+00 1.2325974722e-02
5.8152084942e+00 1.2348455637e-02
5.8384693282e+00 1.2393671889e-02
5.8618232055e+00 1.2344545017e-02
5.8852704983e+00 1.2385298015e-02
5.9088115803e+00 1.2331767570e-02
5.9324468267e+00 1.2359396830e-02
5.9561766140e+00 1.2350081900e-02
5.9800013204e+00 1.2336388626e-02
6.0039213257e+00 1.2287920102e-02
6.0279370110e+00 1.2320733680e-02
6.0520487591e+00 1.2371585031e-02
6.0762569541e+00 1.2298009592e-02
6.1005619819e+00 1.2284888411e-02
6.1249642298e+00 1.2265165151e-02
6.1494640868e+00 1.2286944740e-02
6.1740619431e+00 1.2309785975e-02
6.1987581909e+00 1.2245703180e-02
6.2235532236e+00 1.2245627217e-02
6.2484474365e+00 1.2271397318e-02
6.2734412263e+00 1.2248906458e-02
6.2985349912e+00 1.2226343577e-02
6.3237291311e+00 1.2236307603e-02
6.3490240477e+00 1.2279646865e-02
6.3744201439e+00 1.2273302993e-02
6.3999178244e+00 1.2304977595e-02
6.4255174957e+00 1.2355016374e-02
6.4512195657e+00 1.2316069614e-02
6.4770244440e+00 1.2419517309e-02
6.5029325418e+00 1.2397079384e-02
6.5289442719e+00 1.2376840679e-02
6.5550600490e+00 1.2410445347e-02
6.5812802892e+00 1.2431727023e-02
6.6076054104e+00 1.2460068481e-02
6.6340358320e+00 1.2505798480e-02
6.6605719753e+00 1.2398060062e-02
6.6872142632e+00 1.2388859816e-02
6.7139631203e+00 1.2411105783e-02
6.7408189728e+00 1.2378984295e-02
6.7677822487e+00 1.2361689512e-02
6.7948533777e+00 1.2411235760e-02
6.8220327912e+00 1.2439007190e-02
6.8493209223e+00 1.2405871741e-02
6.8767182060e+00 1.2427259634e-02
6.9042250788e+00 1.2314481359e-02
6.9318419792e+00 1.2359854663e-02
6.9595693471e+00 1.2379809615e-02
6.9874076245e+00 1.2328939122e-02
7.0153572550e+00 1.2392295489e-02
7.0434186840e+00 1.2402058501e-02
7.0715923587e+00 1.2376390002e-02
7.0998787281e+00 1.2373880877e-02
7.1282782431e+00 1.2376624102e-02
7.1567913560e+00 1.2378516470e-02
7.1854185215e+00 1.2355328238e-02
7.2141601955e+00 1.2392132679e-02
7.2430168363e+00 1.2413085392e-02
7.2719889037e+00 1.2376845768e-02
7.3010768593e+00 1.2393464930e-02
7.3302811667e+00 1.2408589434e-02
7.3596022914e+00 1.2401793553e-02
7.3890407006e+00 1.2387989255e-02
7.4185968634e+00 1.2390877747e-02
7.4482712508e+00 1.2394274606e-02
7.4780643358e+00 1.2420583684e-02
7.5079765932e+00 1.2347836804e-02
7.5380084995e+00 1.2388341840e-02
7.5681605335e+00 1.2360667058e-02
7.5984331757e+00 1.2417733397e-02
7.6288269084e+00 1.2337573882e-02
7.6593422160e+00 1.2400629814e-02
7.6899795849e+00 1.2395935473e-02
7.7207395032e+00 1.2429317993e-02
7.7516224612e+00 1.2462668958e-02
7.7826289511e+00 1.2397678117e-02
7.8137594669e+00 1.2404064817e-02
7.8450145047e+00 1.2376983856e-02
7.8763945628e+00 1.2414940424e-02
7.9079001410e+00 1.2401411666e-02
7.9395317416e+00 1.2339947022e-02
7.9712898685e+00 1.2375314506e-02
8.0031750280e+00 1.2325639426e-02
8.0351877281e+00 1.2358858865e-02
8.0673284790e+00 1.2334770723e-02
8.0995977929e+00 1.2320990651e-02
8.1319961841e+00 1.2305482027e-02
8.1645241689e+00 1.2355706890e-02
8.1971822655e+00 1.2344698315e-02
8.2299709946e+00 1.2311372249e-02
8.2628908786e+00 1.2324506408e-02
8.2959424421e+00 1.2281682396e-02
8.3291262119e+00 1.2335877348e-02
8.3624427167e+00 1.2319958405e-02
8.3958924876e+00 1.2271843161e-02
8.4294760575e+00 1.2288182570e-02
8.4631939617e+00 1.2259327501e-02
8.4970467376e+00 1.2284161703e-02
8.5310349245e+00 1.2277550957e-02
8.5651590642e+00 1.2257111864e-02
8.5994197005e+00 1.2231325531e-02
8.6338173793e+00 1.2229683317e-02
8.6683526488e+00 1.2241821411e-02
8.7030260594e+00 1.2225155606e-02
8.7378381637e+00 1.2225520835e-02
8.7727895163e+00 1.2218771393e-02
8.8078806744e+00 1.2248447777e-02
8.8431121971e+00 1.2198338190e-02
8.8784846459e+00 1.2188976314e-02
8.9139985844e+00 1.2183119938e-02
8.9496545788e+00 1.2201033774e-02
8.9854531971e+00 1.2214741652e-02
9.0213950099e+00 1.2197040708e-02
9.0574805899e+00 1.2175758642e-02
9.0937105123e+00 1.2172750803e-02
9.1300853543e+00 1.2155123653e-02
9.1666056957e+00 1.2180007515e-02
9.2032721185e+00 1.2148880863e-02
9.2400852070e+00 1.2169936972e-02
9.2770455478e+00 1.2173507801e-02
9.3141537300e+00 1.2148902605e-02
9.3514103449e+00 1.2133448406e-02
9.3888159863e+00 1.2182710956e-02
9.4263712503e+00 1.2171564377e-02
9.4640767353e+00 1.2157608296e-02
9.5019330422e+00 1.2156811004e-02
9.5399407744e+00 1.2114145478e-02
9.5781005375e+00 1.2141124880e-02
9.6164129396e+00 1.2157007922e-02
9.6548785914e+00 1.2145247610e-02
9.6934981058e+00 1.2141647491e-02
9.7322720982e+00 1.2125671208e-02
9.7712011866e+00 1.2115833921e-02
9.8102859913e+00 1.2150060633e-02
9.8495271353e+00 1.2131488427e-02
9.8889252438e+00 1.2198422370e-02
9.9284809448e+00 1.2120117726e-02
9.9681948686e+00 1.2119850935e-02
1.0008067648e+01 1.2136173837e-02
1.0048099919e+01 1.2130446898e-02
1.0088292318e+01 1.2123924231e-02
1.0128645488e+01 1.2113207650e-02
1.0169160070e+01 1.2112460830e-02
1.0209836710e+01 1.2092236815e-02
1.0250676057e+01 1.2105346278e-02
1.0291678761e+01 1.2158613990e-02
1.0332845476e+01 1.2146915255e-02
1.0374176858e+01 1.2140837421e-02
1.0415673565e+01 1.2216431255e-02
1.0457336260e+01 1.2124929844e-02
1.0499165605e+01 1.2130000384e-02
1.0541162267e+01 1.2109384382e-02
1.0583326916e+01 1.2169836485e-02
1.0625660224e+01 1.2131552243e-02
1.0668162865e+01 1.2113838608e-02
1.0710835516e+01 1.2108074498e-02
1.0753678858e+01 1.2129785620e-02
1.0796693574e+01 1.2093303493e-02
1.0839880348e+01 1.2125442644e-02
1.0883239869e+01 1.2151164409e-02
1.0926772829e+01 1.2136665663e-02
1.0970479920e+01 1.2191287569e-02
1.1014361840e+01 1.2204761387e-02
1.1058419287e+01 1.2158749949e-02
1.1102652964e+01 1.2116085177e-02
1.1147063576e+01 1.2122235803e-02
1.1191651830e+01 1.2132217408e-02
1.1236418438e+01 1.2145116363e-02
1.1281364111e+01 1.2118827450e-02
1.1326489568e+01 1.2163889834e-02
1.1371795526e+01 1.2114234946e-02
1.1417282708e+01 1.2105674502e-02
1.1462951839e+01 1.2136056860e-02
1.1508803646e+01 1.2092850428e-02
1.1554838861e+01 1.2182251547e-02
1.1601058217e+01 1.2125778622e-02
1.1647462449e+01 1.2181474746e-02
1.1694052299e+01 1.2141747319e-02
1.1740828508e+01 1.2270298738e-02
1.1787791822e+01 1.2145963378e-02
1.1834942990e+01 1.2152441971e-02
1.1882282762e+01 1.2168686120e-02
1.1929811893e+01 1.2138261014e-02
1.1977531140e+01 1.2146117474e-02
1.2025441265e+01 1.2142480180e-02
1.2073543030e+01 1.2173430258e-02
1.2121837202e+01 1.2149493609e-02
1.2170324551e+01 1.2113685128e-02
1.2219005849e+01 1.2131708862e-02
1.2267881872e+01 1.2225202907e-02
1.2316953400e+01 1.2128032709e-02
1.2366221214e+01 1.2174759100e-02
1.2415686098e+01 1.2212521048e-02
1.2465348843e+01 1.2207589083e-02
1.2515210238e+01 1.2229834174e-02
1.2565271079e+01 1.2181565977e-02
1.2615532163e+01 1.2222547790e-02
1.2665994292e+01 1.2172895403e-02
1.2716658269e+01 1.2157025715e-02
1.2767524902e+01 1.2218243537e-02
1.2818595002e+01 1.2178224343e-02
1.2869869382e+01 1.2184951239e-02
1.2921348859e+01 1.2168118425e-02
1.2973034255e+01 1.2187620276e-02
1.3024926392e+01 1.2221193452e-02
1.3077026097e+01 1.2154395514e-02
1.3129334202e+01 1.2203602829e-02
1.3181851539e+01 1.2162144138e-02
1.3234578945e+01 1.2252492163e-02
1.3287517261e+01 1.2253091994e-02
1.3340667330e+01 1.2196630527e-02
1.3394029999e+01 1.2169245033e-02
1.3447606119e+01 1.2290120885e-02
1.3501396543e+01 1.2267314046e-02
1.3555402130e+01 1.2233489214e-02
1.3609623738e+01 1.2218255092e-02
1.3664062233e+01 1.2217024776e-02
1.3718718482e+01 1.2247592223e-02
1.3773593356e+01 1.2217727053e-02
1.3828687729e+01 1.2242337758e-02
1.3884002480e+01 1.2248070657e-02
1.3939538490e+01 1.2235801640e-02
1.3995296644e+01 1.2274114307e-02
1.4051277831e+01 1.2223369704e-02
1.4107482942e+01 1.2236015223e-02
1.4163912874e+01 1.2275881134e-02
1.4220568525e+01 1.2298458296e-02
1.4277450799e+01 1.2181318508e-02
1.4334560603e+01 1.2312833575e-02
1.4391898845e+01 1.2262278379e-02
1.4449466440e+01 1.2284850101e-02
1.4507264306e+01 1.2327794558e-02
1.4565293363e+01 1.2268456893e-02
1.4623554537e+01 1.2259647915e-02
1.4682048755e+01 1.2288031665e-02
1.4740776950e+01 1.2217377432e-02
1.4799740058e+01 1.2287176178e-02
1.4858939018e+01 1.2309844899e-02
1.4918374774e+01 1.2371565649e-02
1.4978048273e+01 1.2345935288e-02
1.5037960466e+01 1.2256740923e-02
1.5098112308e+01 1.2239981051e-02
1.5158504757e+01 1.2326423848e-02
1.5219138776e+01 1.2237558170e-02
1.5280015332e+01 1.2246575332e-02
1.5341135393e+01 1.2304291745e-02
1.5402499934e+01 1.2287998715e-02
1.5464109934e+01 1.2299332364e-02
1.5525966374e+01 1.2265461106e-02
1.5588070239e+01 1.2318085008e-02
1.5650422520e+01 1.2298392796e-02
1.5713024210e+01 1.2286718568e-02
1.5775876307e+01 1.2342895915e-02
1.5838979813e+01 1.2274758548e-02
1.5902335732e+01 1.2199012123e-02
1.5965945075e+01 1.2312490681e-02
1.6029808855e+01 1.2311295323e-02
1.6093928090e+01 1.2317239185e-02
1.6158303803e+01 1.2246144216e-02
1.6222937018e+01 1.2301674519e-02
1.6287828766e+01 1.2311968535e-02
1.6352980081e+01 1.2263239837e-02
1.6418392001e+01 1.2312834771e-02
1.6484065569e+01 1.2317467588e-02
1.6550001832e+01 1.2262639116e-02
1.6616201839e+01 1.2354177609e-02
1.6682666646e+01 1.2321339058e-02
1.6749397313e+01 1.2300345175e-02
1.6816394902e+01 1.2252091936e-02
1.6883660482e+01 1.2293556145e-02
1.6951195124e+01 1.2302620796e-02
1.7018999904e+01 1.2256522888e-02
1.7087075904e+01 1.2328106022e-02
1.7155424208e+01 1.2267822633e-02
1.7224045904e+01 1.2367778205e-02
1.7292942088e+01 1.2272823106e-02
1.7362113856e+01 1.2366095589e-02
1.7431562312e+01 1.2311940088e-02
1.7501288561e+01 1.2319256388e-02
1.7571293715e+01 1.2280038160e-02
1.7641578890e+01 1.2295063979e-02
1.7712145206e+01 1.2346746191e-02
1.7782993786e+01 1.2266881330e-02
1.7854125762e+01 1.2284161378e-02
1.7925542265e+01 1.2361292059e-02
1.7997244434e+01 1.2255357104e-02
1.8069233411e+01 1.2286222283e-02
1.8141510345e+01 1.2360087997e-02
1.8214076386e+01 1.2294550830e-02
1.8286932692e+01 1.2305723255e-02
1.8360080423e+01 1.2296429707e-02
1.8433520744e+01 1.2280320929e-02
1.8507254827e+01 1.2379389757e-02
1.8581283847e+01 1.2375860266e-02
1.8655608982e+01 1.2347088441e-02
1.8730231418e+01 1.2385077076e-02
1.8805152344e+01 1.2247830343e-02
1.8880372953e+01 1.2240279579e-02
1.8955894445e+01 1.2334615820e-02
1.9031718023e+01 1.2336573552e-02
1.9107844895e+01 1.2269560016e-02
1.9184276274e+01 1.2269525339e-02
1.9261013379e+01 1.2393960201e-02
1.9338057433e+01 1.2352302580e-02
1.9415409663e+01 1.2438205782e-02
1.9493071301e+01 1.2308318353e-02
1.9571043587e+01 1.2362846594e-02
1.9649327761e+01 1.2331770809e-02
1.9727925072e+01 1.2294640588e-02
1.9806836772e+01 1.2329183971e-02
1.9886064119e+01 1.2387184307e-02
1.9965608376e+01 1.2353927846e-02
2.0045470809e+01 1.2275590349e-02
2.0125652693e+01 1.2302980562e-02
2.0206155303e+01 1.2375180162e-02
2.0286979925e+01 1.2333538297e-02
2.0368127844e+01 1.2365472456e-02
2.0449600356e+01 1.2369943696e-02
2.0531398757e+01 1.2346044334e-02
2.0613524352e+01 1.2306086011e-02
2.0695978450e+01 1.2262176420e-02
2.0778762363e+01 1.2372583940e-02
2.0861877413e+01 1.2271613500e-02
2.0945324922e+01 1.2339826517e-02
2.1029106222e+01 1.2391427416e-02
2.1113222647e+01 1.2383433299e-02
2.1197675538e+01 1.2385804007e-02
2.1282466240e+01 1.2343440123e-02
2.1367596105e+01 1.2441637593e-02
2.1453066489e+01 1.2264130172e-02
2.1538878755e+01 1.2320560062e-02
2.1625034270e+01 1.2386842337e-02
2.1711534407e+01 1.2384613656e-02
2.1798380545e+01 1.2361197366e-02
2.1885574067e+01 1.2387812689e-02
2.1973116363e+01 1.2368885365e-02
2.2061008829e+01 1.2371766595e-02
2.2149252864e+01 1.2318837928e-02
2.2237849875e+01 1.2383797826e-02
2.2326801275e+01 1.2355421873e-02
2.2416108480e+01 1.2427213497e-02
2.2505772914e+01 1.2393322714e-02
2.2595796006e+01 1.2388469281e-02
2.2686179190e+01 1.2309452409e-02
2.2776923906e+01 1.2269284224e-02
2.2868031602e+01 1.2377037132e-02
2.2959503728e+01 1.2436856682e-02
2.3051341743e+01 1.2301425581e-02
2.3143547110e+01 1.2281346381e-02
2.3236121299e+01 1.2306499053e-02
2.3329065784e+01 1.2307731536e-02
2.3422382047e+01 1.2284001036e-02
2.3516071575e+01 1.2444831879e-02
2.3610135862e+01 1.2448638065e-02
2.3704576405e+01 1.2345306418e-02
2.3799394711e+01 1.2372069408e-02
2.3894592290e+01 1.2487269185e-02
2.3990170659e+01 1.2348785420e-02
2.4086131341e+01 1.2323349645e-02
2.4182475867e+01 1.2285980036e-02
2.4279205770e+01 1.2286814703e-02
2.4376322593e+01 1.2294689426e-02
2.4473827884e+01 1.2368658631e-02
2.4571723195e+01 1.2369863007e-02
2.4670010088e+01 1.2316869352e-02
2.4768690128e+01 1.2334941565e-02
2.4867764889e+01 1.2321448868e-02
2.4967235948e+01 1.2459288138e-02
2.5067104892e+01 1.2447530847e-02
2.5167373312e+01 1.2451345406e-02
2.5268042805e+01 1.2351745196e-02
2.5369114976e+01 1.2456123322e-02
2.5470591436e+01 1.2335562895e-02
2.5572473802e+01 1.2444927128e-02
2.5674763697e+01 1.2317222590e-02
2.5777462752e+01 1.2275350115e-02
2.5880572603e+01 1.2304624632e-02
2.5984094893e+01 1.2422692981e-02
2.6088031273e+01 1.2355020848e-02
2.6192383398e+01 1.2328205021e-02
2.6297152931e+01 1.2313045993e-02
2.6402341543e+01 1.2311336144e-02
2.6507950909e+01 1.2383816905e-02
2.6613982713e+01 1.2526374987e-02
2.6720438644e+01 1.2500196367e-02
2.6827320398e+01 1.2375209656e-02
2.6934629680e+01 1.2303810688e-02
2.7042368199e+01 1.2395514714e-02
2.7150537672e+01 1.2338234974e-02
2.7259139822e+01 1.2326329424e-02
2.7368176382e+01 1.2272594830e-02
2.7477649087e+01 1.2262040047e-02
2.7587559683e+01 1.2287200412e-02
2.7697909922e+01 1.2295057569e-02
2.7808701562e+01 1.2321372720e-02
2.7919936368e+01 1.2408781629e-02
2.8031616114e+01 1.2421387985e-02
2.8143742578e+01 1.2431063438e-02
2.8256317548e+01 1.2480796714e-02
2.8369342818e+01 1.2489004899e-02
2.8482820190e+01 1.2432629218e-02
2.8596751471e+01 1.2478133411e-02
2.8711138476e+01 1.2350968227e-02
2.8825983030e+01 1.2293290042e-02
2.8941286962e+01 1.2299982198e-02
2.9057052110e+01 1.2328307095e-02
2.9173280319e+01 1.2390170838e-02
2.9289973440e+01 1.2316112116e-02
2.9407133334e+01 1.2376145407e-02
2.9524761867e+01 1.2473577754e-02
2.9642860915e+01 1.2305348288e-02
2.9761432358e+01 1.2317976071e-02
2.9880478088e+01 1.2418692234e-02
