# WASP-107b observational data from Welbanks et al. 2024
# Format: wavelength(um)  delta_wavelength(um)  transit_depth  uncertainty  response_mode
# Combined JWST data: NIRSpec G140H, NIRSpec G395H, MIRI LRS
# MIRI LRS data shifted by +282 ppm to align with NIRSpec
# Data sorted by wavelength (lowest to highest)
# ================================================================================
0.891600 0.012730 0.02064100 0.00008200 boxcar
0.920950 0.012730 0.02059400 0.00007200 boxcar
0.950300 0.012730 0.02069900 0.00008200 boxcar
0.979650 0.012730 0.02073400 0.00006500 boxcar
1.009000 0.012730 0.02063900 0.00007400 boxcar
1.038350 0.012730 0.02064900 0.00005700 boxcar
1.065250 0.012730 0.02055300 0.00006600 boxcar
1.100750 0.012730 0.02069800 0.00007200 boxcar
1.126400 0.012730 0.02068900 0.00006800 boxcar
1.132730 0.012730 0.02076800 0.00007400 boxcar
1.158180 0.012730 0.02084400 0.00006800 boxcar
1.183640 0.012730 0.02062900 0.00006800 boxcar
1.209090 0.012730 0.02059400 0.00006300 boxcar
1.234550 0.012730 0.02061300 0.00006700 boxcar
1.260000 0.012730 0.02055800 0.00005900 boxcar
1.285460 0.012730 0.02075400 0.00006500 boxcar
1.310910 0.012730 0.02079600 0.00005600 boxcar
1.336360 0.012730 0.02071500 0.00006400 boxcar
1.361820 0.012730 0.02088900 0.00005900 boxcar
1.387270 0.012730 0.02097500 0.00006400 boxcar
1.412730 0.012730 0.02098400 0.00005700 boxcar
1.438180 0.012730 0.02083400 0.00006000 boxcar
1.463640 0.012730 0.02067000 0.00005500 boxcar
1.489090 0.012730 0.02068800 0.00006200 boxcar
1.514550 0.012730 0.02059000 0.00005600 boxcar
1.540000 0.012730 0.02046000 0.00005500 boxcar
1.565460 0.012730 0.02062900 0.00006500 boxcar
1.590910 0.012730 0.02052000 0.00006300 boxcar
1.616360 0.012730 0.02052700 0.00006100 boxcar
1.641820 0.012730 0.02056200 0.00005900 boxcar
2.457500 0.007500 0.02069300 0.00009500 boxcar
2.472500 0.007500 0.02052600 0.00009900 boxcar
2.487500 0.007500 0.02046000 0.00009500 boxcar
2.502500 0.007500 0.02061000 0.00009300 boxcar
2.517500 0.007500 0.02075900 0.00009500 boxcar
2.532500 0.007500 0.02088300 0.00009500 boxcar
2.547500 0.007500 0.02069900 0.00009300 boxcar
2.562500 0.007500 0.02077900 0.00009100 boxcar
2.577500 0.007500 0.02093500 0.00008900 boxcar
2.592500 0.007500 0.02073800 0.00008500 boxcar
2.607500 0.007500 0.02083600 0.00008300 boxcar
2.622500 0.007500 0.02084100 0.00008400 boxcar
2.637500 0.007500 0.02078900 0.00008400 boxcar
2.652500 0.007500 0.02085400 0.00008200 boxcar
2.667500 0.007500 0.02112300 0.00008300 boxcar
2.682500 0.007500 0.02122000 0.00008300 boxcar
2.697500 0.007500 0.02123800 0.00008100 boxcar
2.712500 0.007500 0.02107700 0.00007700 boxcar
2.727500 0.007500 0.02116100 0.00007700 boxcar
2.742500 0.007500 0.02106800 0.00007900 boxcar
2.757500 0.007500 0.02103600 0.00008500 boxcar
2.772500 0.007500 0.02103500 0.00008100 boxcar
2.787500 0.007500 0.02099100 0.00008100 boxcar
2.802500 0.007500 0.02100900 0.00008300 boxcar
2.817500 0.007500 0.02111300 0.00007700 boxcar
2.832500 0.007500 0.02086100 0.00008200 boxcar
2.847500 0.007500 0.02104500 0.00008900 boxcar
2.862500 0.007500 0.02101400 0.00008000 boxcar
2.877500 0.007500 0.02078500 0.00008500 boxcar
2.892500 0.007500 0.02081600 0.00008100 boxcar
2.907500 0.007500 0.02081300 0.00008700 boxcar
2.922500 0.007500 0.02082500 0.00008000 boxcar
2.937500 0.007500 0.02098800 0.00008500 boxcar
2.952500 0.007500 0.02086400 0.00008100 boxcar
2.967500 0.007500 0.02079000 0.00007800 boxcar
2.982500 0.007500 0.02088700 0.00008000 boxcar
2.997500 0.007500 0.02070500 0.00007800 boxcar
3.012500 0.007500 0.02083600 0.00007700 boxcar
3.027500 0.007500 0.02066600 0.00008000 boxcar
3.042500 0.007500 0.02083600 0.00008400 boxcar
3.057500 0.007500 0.02080300 0.00008500 boxcar
3.072500 0.007500 0.02075900 0.00008300 boxcar
3.087500 0.007500 0.02072700 0.00008300 boxcar
3.102500 0.007500 0.02076900 0.00008200 boxcar
3.117500 0.007500 0.02062500 0.00008000 boxcar
3.132500 0.007500 0.02060300 0.00008800 boxcar
3.147500 0.007500 0.02080500 0.00007300 boxcar
3.162500 0.007500 0.02059300 0.00007700 boxcar
3.177500 0.007500 0.02046800 0.00007800 boxcar
3.192500 0.007500 0.02044100 0.00008400 boxcar
3.207500 0.007500 0.02055800 0.00007300 boxcar
3.222500 0.007500 0.02047800 0.00007900 boxcar
3.237500 0.007500 0.02058700 0.00007500 boxcar
3.252500 0.007500 0.02056900 0.00008000 boxcar
3.267500 0.007500 0.02058700 0.00008100 boxcar
3.282500 0.007500 0.02062200 0.00007300 boxcar
3.297500 0.007500 0.02055000 0.00007500 boxcar
3.312500 0.007500 0.02063500 0.00007500 boxcar
3.327500 0.007500 0.02077200 0.00008000 boxcar
3.342500 0.007500 0.02059500 0.00007500 boxcar
3.357500 0.007500 0.02055500 0.00007100 boxcar
3.372500 0.007500 0.02060400 0.00007600 boxcar
3.387500 0.007500 0.02042500 0.00007800 boxcar
3.402500 0.007500 0.02040100 0.00008100 boxcar
3.417500 0.007500 0.02041700 0.00008200 boxcar
3.432500 0.007500 0.02036800 0.00007800 boxcar
3.447500 0.007500 0.02041200 0.00007800 boxcar
3.462500 0.007500 0.02050700 0.00008200 boxcar
3.477500 0.007500 0.02041700 0.00007700 boxcar
3.492500 0.007500 0.02046200 0.00007800 boxcar
3.507500 0.007500 0.02043000 0.00008100 boxcar
3.522500 0.007500 0.02033200 0.00008000 boxcar
3.537500 0.007500 0.02037800 0.00007800 boxcar
3.552500 0.007500 0.02022900 0.00008100 boxcar
3.567500 0.007500 0.02024100 0.00007900 boxcar
3.582500 0.007500 0.02029200 0.00007900 boxcar
3.597500 0.007500 0.02035500 0.00007700 boxcar
3.612500 0.007500 0.02039600 0.00008100 boxcar
3.627500 0.007500 0.02028800 0.00007600 boxcar
3.642500 0.007500 0.02032000 0.00008200 boxcar
3.657500 0.007500 0.02028800 0.00007800 boxcar
3.672500 0.007500 0.02031900 0.00007800 boxcar
3.687500 0.007500 0.02034000 0.00010100 boxcar
3.702500 0.007500 0.02036400 0.00008800 boxcar
3.717500 0.007500 0.02019800 0.00008500 boxcar
3.732500 0.007500 0.02037200 0.00008100 boxcar
3.747500 0.007500 0.02028100 0.00008000 boxcar
3.762500 0.007500 0.02030500 0.00008200 boxcar
3.777500 0.007500 0.02028400 0.00008200 boxcar
3.792500 0.007500 0.02017100 0.00008300 boxcar
3.807500 0.007500 0.02024200 0.00008300 boxcar
3.822500 0.007500 0.02024200 0.00008500 boxcar
3.837500 0.007500 0.02032900 0.00008700 boxcar
3.852500 0.007500 0.02024000 0.00008500 boxcar
3.867500 0.007500 0.02019300 0.00009200 boxcar
3.882500 0.007500 0.02019600 0.00009200 boxcar
3.897500 0.007500 0.02027000 0.00009000 boxcar
3.897500 0.007500 0.02038700 0.00009900 boxcar
3.912500 0.007500 0.02029200 0.00008600 boxcar
3.912500 0.007500 0.02010000 0.00009300 boxcar
3.927500 0.007500 0.02035100 0.00008500 boxcar
3.927500 0.007500 0.02019800 0.00008100 boxcar
3.942500 0.007500 0.02023600 0.00009100 boxcar
3.942500 0.007500 0.02031200 0.00008900 boxcar
3.957500 0.007500 0.02024700 0.00008300 boxcar
3.972500 0.007500 0.02026100 0.00008700 boxcar
3.987500 0.007500 0.02036000 0.00008700 boxcar
4.002500 0.007500 0.02025600 0.00008200 boxcar
4.017500 0.007500 0.02056400 0.00008400 boxcar
4.032500 0.007500 0.02043200 0.00008700 boxcar
4.047500 0.007500 0.02049300 0.00009100 boxcar
4.062500 0.007500 0.02040100 0.00008800 boxcar
4.077500 0.007500 0.02028300 0.00009600 boxcar
4.092500 0.007500 0.02012300 0.00008500 boxcar
4.107500 0.007500 0.02027400 0.00008800 boxcar
4.122500 0.007500 0.02019000 0.00009400 boxcar
4.137500 0.007500 0.02023300 0.00009300 boxcar
4.152500 0.007500 0.02004600 0.00008800 boxcar
4.167500 0.007500 0.02022600 0.00008900 boxcar
4.182500 0.007500 0.02049700 0.00009200 boxcar
4.197500 0.007500 0.02031700 0.00009900 boxcar
4.212500 0.007500 0.02058300 0.00008500 boxcar
4.227500 0.007500 0.02098800 0.00009400 boxcar
4.242500 0.007500 0.02091700 0.00010100 boxcar
4.257500 0.007500 0.02113800 0.00008800 boxcar
4.272500 0.007500 0.02119700 0.00009000 boxcar
4.287500 0.007500 0.02121300 0.00010200 boxcar
4.302500 0.007500 0.02125800 0.00009600 boxcar
4.317500 0.007500 0.02113200 0.00010000 boxcar
4.332500 0.007500 0.02131200 0.00009900 boxcar
4.347500 0.007500 0.02121900 0.00010500 boxcar
4.362500 0.007500 0.02111700 0.00009900 boxcar
4.377500 0.007500 0.02106100 0.00010300 boxcar
4.392500 0.007500 0.02106300 0.00010500 boxcar
4.407500 0.007500 0.02084700 0.00010600 boxcar
4.422500 0.007500 0.02096500 0.00010500 boxcar
4.437500 0.007500 0.02081500 0.00010000 boxcar
4.452500 0.007500 0.02060400 0.00010200 boxcar
4.467500 0.007500 0.02075600 0.00011000 boxcar
4.482500 0.007500 0.02045700 0.00011000 boxcar
4.497500 0.007500 0.02053000 0.00011500 boxcar
4.512500 0.007500 0.02035200 0.00011400 boxcar
4.527500 0.007500 0.02056300 0.00010300 boxcar
4.542500 0.007500 0.02044300 0.00011000 boxcar
4.557500 0.007500 0.02063500 0.00010800 boxcar
4.572500 0.007500 0.02051300 0.00011200 boxcar
4.587500 0.007500 0.02040000 0.00011400 boxcar
4.602500 0.007500 0.02054900 0.00011100 boxcar
4.617500 0.007500 0.02067600 0.00011000 boxcar
4.632500 0.007500 0.02043800 0.00011500 boxcar
4.647500 0.007500 0.02057900 0.00011100 boxcar
4.662500 0.007500 0.02043500 0.00011200 boxcar
4.677500 0.007500 0.02064500 0.00011900 boxcar
4.692500 0.007500 0.02035500 0.00011500 boxcar
4.707500 0.007500 0.02054200 0.00011800 boxcar
4.722500 0.007500 0.02065900 0.00011900 boxcar
4.737500 0.007500 0.02043300 0.00011900 boxcar
4.752500 0.007500 0.02070000 0.00012100 boxcar
4.767500 0.007500 0.02044400 0.00013400 boxcar
4.782500 0.007500 0.02025100 0.00013000 boxcar
4.797500 0.007500 0.02037500 0.00012000 boxcar
4.812500 0.007500 0.02058900 0.00012500 boxcar
4.827500 0.007500 0.02054300 0.00013300 boxcar
4.842500 0.007500 0.02058600 0.00012100 boxcar
4.857500 0.007500 0.02047500 0.00012600 boxcar
4.872500 0.007500 0.02041900 0.00012700 boxcar
4.887500 0.007500 0.02014600 0.00013200 boxcar
4.902500 0.007500 0.02021500 0.00013700 boxcar
4.917500 0.007500 0.02025600 0.00013700 boxcar
4.932500 0.007500 0.02050500 0.00013700 boxcar
4.947500 0.007500 0.02044700 0.00015300 boxcar
4.962500 0.007500 0.02036100 0.00014600 boxcar
4.977500 0.007500 0.02033600 0.00019900 boxcar
4.992500 0.007500 0.02015900 0.00022800 boxcar
5.007500 0.007500 0.02008000 0.00029200 boxcar
5.022500 0.007500 0.01999100 0.00034100 boxcar
5.037500 0.007500 0.02043500 0.00045600 boxcar
5.064000 0.075000 0.02034700 0.00008400 boxcar
5.214000 0.075000 0.02036500 0.00009100 boxcar
5.365000 0.075000 0.02055100 0.00006400 boxcar
5.515000 0.075000 0.02053000 0.00008400 boxcar
5.665000 0.075000 0.02049500 0.00008400 boxcar
5.815000 0.075000 0.02066800 0.00008900 boxcar
5.966000 0.075000 0.02055800 0.00006800 boxcar
6.116000 0.075000 0.02052300 0.00007300 boxcar
6.266000 0.075000 0.02042800 0.00008600 boxcar
6.416000 0.075000 0.02086300 0.00007300 boxcar
6.567000 0.075000 0.02133700 0.00010600 boxcar
6.717000 0.075000 0.02112000 0.00006900 boxcar
6.867000 0.075000 0.02075200 0.00012200 boxcar
7.017000 0.075000 0.02081800 0.00007300 boxcar
7.168000 0.075000 0.02133600 0.00007000 boxcar
7.318000 0.075000 0.02129200 0.00007900 boxcar
7.468000 0.075000 0.02166800 0.00007200 boxcar
7.618000 0.075000 0.02138600 0.00008800 boxcar
7.769000 0.075000 0.02107900 0.00008800 boxcar
7.919000 0.075000 0.02115000 0.00009900 boxcar
8.069000 0.075000 0.02089100 0.00008400 boxcar
8.219000 0.075000 0.02113100 0.00014800 boxcar
8.370000 0.075000 0.02119900 0.00009500 boxcar
8.520000 0.075000 0.02121200 0.00010300 boxcar
8.670000 0.075000 0.02123500 0.00009700 boxcar
8.820000 0.075000 0.02111400 0.00010700 boxcar
8.971000 0.075000 0.02125700 0.00013900 boxcar
9.121000 0.075000 0.02116400 0.00012100 boxcar
9.271000 0.075000 0.02104600 0.00010600 boxcar
9.421000 0.075000 0.02092900 0.00011900 boxcar
9.572000 0.075000 0.02095900 0.00012100 boxcar
9.722000 0.075000 0.02100300 0.00012300 boxcar
9.872000 0.075000 0.02073500 0.00012600 boxcar
10.022000 0.075000 0.02051400 0.00013000 boxcar
10.173000 0.075000 0.02090500 0.00014300 boxcar
10.323000 0.075000 0.02061000 0.00019600 boxcar
10.473000 0.075000 0.02069300 0.00030400 boxcar
10.623000 0.075000 0.02089400 0.00019600 boxcar
10.774000 0.075000 0.02074200 0.00021100 boxcar
10.924000 0.075000 0.02064000 0.00026500 boxcar
11.074000 0.075000 0.02040900 0.00028300 boxcar
11.224000 0.075000 0.01994000 0.00031200 boxcar
11.375000 0.075000 0.01983000 0.00031100 boxcar
11.525000 0.075000 0.01923000 0.00039500 boxcar
11.675000 0.075000 0.01989600 0.00036200 boxcar
11.825000 0.075000 0.01955000 0.00043100 boxcar
11.976000 0.075000 0.01798700 0.00060100 boxcar
12.126000 0.075000 0.01759300 0.00062700 boxcar
12.276000 0.075000 0.01930000 0.00064300 boxcar
12.426000 0.075000 0.01813100 0.00078700 boxcar
12.577000 0.075000 0.01877100 0.00121100 boxcar
12.727000 0.075000 0.01894100 0.00109500 boxcar
12.877000 0.075000 0.01868000 0.00143100 boxcar
13.027000 0.075000 0.01751300 0.00133600 boxcar
13.178000 0.075000 0.01697500 0.00131200 boxcar
13.328000 0.075000 0.01705900 0.00164900 boxcar
13.478000 0.075000 0.02074000 0.00196400 boxcar
13.628000 0.075000 0.01827700 0.00267000 boxcar
