
# WASP-107b observational data from Welbanks et al. 2024
# Format: wavelength(um)  delta_wavelength(um)  transit_depth  uncertainty  response_mode offset_group
# Combined JWST data: HST, NIRSpec G140H, NIRSpec G395H, MIRI LRS
# Data sorted by wavelength (lowest to highest)
# ================================================================================
0.891600 0.012727 0.020641 0.000082 boxcar 1
0.920950 0.012727 0.020594 0.000072 boxcar 1
0.950300 0.012727 0.020699 0.000082 boxcar 1
0.979650 0.012727 0.020734 0.000065 boxcar 1
1.009000 0.012727 0.020639 0.000074 boxcar 1
1.038350 0.012727 0.020649 0.000057 boxcar 1
1.065250 0.012727 0.020553 0.000066 boxcar 1
1.100750 0.012727 0.020698 0.000072 boxcar 1
1.126400 0.012727 0.020689 0.000068 boxcar 1
1.132727 0.012727 0.020768 0.000074 boxcar 1
1.158182 0.012727 0.020844 0.000068 boxcar 1
1.183636 0.012727 0.020629 0.000068 boxcar 1
1.209091 0.012727 0.020594 0.000063 boxcar 1
1.234545 0.012727 0.020613 0.000067 boxcar 1
1.260000 0.012727 0.020558 0.000059 boxcar 1
1.285455 0.012727 0.020754 0.000065 boxcar 1
1.310909 0.012727 0.020796 0.000056 boxcar 1
1.336364 0.012727 0.020715 0.000064 boxcar 1
1.361818 0.012727 0.020889 0.000059 boxcar 1
1.387273 0.012727 0.020975 0.000064 boxcar 1
1.412727 0.012727 0.020984 0.000057 boxcar 1
1.438182 0.012727 0.020834 0.000060 boxcar 1
1.463636 0.012727 0.020670 0.000055 boxcar 1
1.489091 0.012727 0.020688 0.000062 boxcar 1
1.514545 0.012727 0.020590 0.000056 boxcar 1
1.540000 0.012727 0.020460 0.000055 boxcar 1
1.565455 0.012727 0.020629 0.000065 boxcar 1
1.590909 0.012727 0.020520 0.000063 boxcar 1
1.616364 0.012727 0.020527 0.000061 boxcar 1
1.641818 0.012727 0.020562 0.000059 boxcar 1
2.4575 0.0075 0.020693 0.000095 boxcar 1
2.4725 0.0075 0.020526 0.000099 boxcar 1
2.4875 0.0075 0.020460 0.000095 boxcar 1
2.5025 0.0075 0.020610 0.000093 boxcar 1
2.5175 0.0075 0.020759 0.000095 boxcar 1
2.5325 0.0075 0.020883 0.000095 boxcar 1
2.5475 0.0075 0.020699 0.000093 boxcar 1
2.5625 0.0075 0.020779 0.000091 boxcar 1
2.5775 0.0075 0.020935 0.000089 boxcar 1
2.5925 0.0075 0.020738 0.000085 boxcar 1
2.6075 0.0075 0.020836 0.000083 boxcar 1
2.6225 0.0075 0.020841 0.000084 boxcar 1
2.6375 0.0075 0.020789 0.000084 boxcar 1
2.6525 0.0075 0.020854 0.000082 boxcar 1
2.6675 0.0075 0.021123 0.000083 boxcar 1
2.6825 0.0075 0.021220 0.000083 boxcar 1
2.6975 0.0075 0.021238 0.000081 boxcar 1
2.7125 0.0075 0.021077 0.000077 boxcar 1
2.7275 0.0075 0.021161 0.000077 boxcar 1
2.7425 0.0075 0.021068 0.000079 boxcar 1
2.7575 0.0075 0.021036 0.000085 boxcar 1
2.7725 0.0075 0.021035 0.000081 boxcar 1
2.7875 0.0075 0.020991 0.000081 boxcar 1
2.8025 0.0075 0.021009 0.000083 boxcar 1
2.8175 0.0075 0.021113 0.000077 boxcar 1
2.8325 0.0075 0.020861 0.000082 boxcar 1
2.8475 0.0075 0.021045 0.000089 boxcar 1
2.8625 0.0075 0.021014 0.000080 boxcar 1
2.8775 0.0075 0.020785 0.000085 boxcar 1
2.8925 0.0075 0.020816 0.000081 boxcar 1
2.9075 0.0075 0.020813 0.000087 boxcar 1
2.9225 0.0075 0.020825 0.000080 boxcar 1
2.9375 0.0075 0.020988 0.000085 boxcar 1
2.9525 0.0075 0.020864 0.000081 boxcar 1
2.9675 0.0075 0.020790 0.000078 boxcar 1
2.9825 0.0075 0.020887 0.000080 boxcar 1
2.9975 0.0075 0.020705 0.000078 boxcar 1
3.0125 0.0075 0.020836 0.000077 boxcar 1
3.0275 0.0075 0.020666 0.000080 boxcar 1
3.0425 0.0075 0.020836 0.000084 boxcar 1
3.0575 0.0075 0.020803 0.000085 boxcar 1
3.0725 0.0075 0.020759 0.000083 boxcar 1
3.0875 0.0075 0.020727 0.000083 boxcar 1
3.1025 0.0075 0.020769 0.000082 boxcar 1
3.1175 0.0075 0.020625 0.000080 boxcar 1
3.1325 0.0075 0.020603 0.000088 boxcar 1
3.1475 0.0075 0.020805 0.000073 boxcar 1
3.1625 0.0075 0.020593 0.000077 boxcar 1
3.1775 0.0075 0.020468 0.000078 boxcar 1
3.1925 0.0075 0.020441 0.000084 boxcar 1
3.2075 0.0075 0.020558 0.000073 boxcar 1
3.2225 0.0075 0.020478 0.000079 boxcar 1
3.2375 0.0075 0.020587 0.000075 boxcar 1
3.2525 0.0075 0.020569 0.000080 boxcar 1
3.2675 0.0075 0.020587 0.000081 boxcar 1
3.2825 0.0075 0.020622 0.000073 boxcar 1
3.2975 0.0075 0.020550 0.000075 boxcar 1
3.3125 0.0075 0.020635 0.000075 boxcar 1
3.3275 0.0075 0.020772 0.000080 boxcar 1
3.3425 0.0075 0.020595 0.000075 boxcar 1
3.3575 0.0075 0.020555 0.000071 boxcar 1
3.3725 0.0075 0.020604 0.000076 boxcar 1
3.3875 0.0075 0.020425 0.000078 boxcar 1
3.4025 0.0075 0.020401 0.000081 boxcar 1
3.4175 0.0075 0.020417 0.000082 boxcar 1
3.4325 0.0075 0.020368 0.000078 boxcar 1
3.4475 0.0075 0.020412 0.000078 boxcar 1
3.4625 0.0075 0.020507 0.000082 boxcar 1
3.4775 0.0075 0.020417 0.000077 boxcar 1
3.4925 0.0075 0.020462 0.000078 boxcar 1
3.5075 0.0075 0.020430 0.000081 boxcar 1
3.5225 0.0075 0.020332 0.000080 boxcar 1
3.5375 0.0075 0.020378 0.000078 boxcar 1
3.5525 0.0075 0.020229 0.000081 boxcar 1
3.5675 0.0075 0.020241 0.000079 boxcar 1
3.5825 0.0075 0.020292 0.000079 boxcar 1
3.5975 0.0075 0.020355 0.000077 boxcar 1
3.6125 0.0075 0.020396 0.000081 boxcar 1
3.6275 0.0075 0.020288 0.000076 boxcar 1
3.6425 0.0075 0.020320 0.000082 boxcar 1
3.6575 0.0075 0.020288 0.000078 boxcar 1
3.6725 0.0075 0.020319 0.000078 boxcar 1
3.6875 0.0075 0.020340 0.000101 boxcar 1
3.7025 0.0075 0.020364 0.000088 boxcar 1
3.7175 0.0075 0.020198 0.000085 boxcar 1
3.7325 0.0075 0.020372 0.000081 boxcar 1
3.7475 0.0075 0.020281 0.000080 boxcar 1
3.7625 0.0075 0.020305 0.000082 boxcar 1
3.7775 0.0075 0.020284 0.000082 boxcar 1
3.7925 0.0075 0.020171 0.000083 boxcar 1
3.8075 0.0075 0.020242 0.000083 boxcar 1
3.8225 0.0075 0.020242 0.000085 boxcar 1
3.8375 0.0075 0.020329 0.000087 boxcar 1
3.8525 0.0075 0.020240 0.000085 boxcar 1
3.8675 0.0075 0.020193 0.000092 boxcar 1
3.8825 0.0075 0.020196 0.000092 boxcar 1
3.8975 0.0075 0.020270 0.000090 boxcar 1
3.9125 0.0075 0.020292 0.000086 boxcar 1
3.9275 0.0075 0.020351 0.000085 boxcar 1
3.9425 0.0075 0.020312 0.000089 boxcar 1
3.8975 0.0075 0.020387 0.000099 boxcar 1
3.9125 0.0075 0.020100 0.000093 boxcar 1
3.9275 0.0075 0.020198 0.000081 boxcar 1
3.9425 0.0075 0.020236 0.000091 boxcar 1
3.9575 0.0075 0.020247 0.000083 boxcar 1
3.9725 0.0075 0.020261 0.000087 boxcar 1
3.9875 0.0075 0.020360 0.000087 boxcar 1
4.0025 0.0075 0.020256 0.000082 boxcar 1
4.0175 0.0075 0.020564 0.000084 boxcar 1
4.0325 0.0075 0.020432 0.000087 boxcar 1
4.0475 0.0075 0.020493 0.000091 boxcar 1
4.0625 0.0075 0.020401 0.000088 boxcar 1
4.0775 0.0075 0.020283 0.000096 boxcar 1
4.0925 0.0075 0.020123 0.000085 boxcar 1
4.1075 0.0075 0.020274 0.000088 boxcar 1
4.1225 0.0075 0.020190 0.000094 boxcar 1
4.1375 0.0075 0.020233 0.000093 boxcar 1
4.1525 0.0075 0.020046 0.000088 boxcar 1
4.1675 0.0075 0.020226 0.000089 boxcar 1
4.1825 0.0075 0.020497 0.000092 boxcar 1
4.1975 0.0075 0.020317 0.000099 boxcar 1
4.2125 0.0075 0.020583 0.000085 boxcar 1
4.2275 0.0075 0.020988 0.000094 boxcar 1
4.2425 0.0075 0.020917 0.000101 boxcar 1
4.2575 0.0075 0.021138 0.000088 boxcar 1
4.2725 0.0075 0.021197 0.000090 boxcar 1
4.2875 0.0075 0.021213 0.000102 boxcar 1
4.3025 0.0075 0.021258 0.000096 boxcar 1
4.3175 0.0075 0.021132 0.000100 boxcar 1
4.3325 0.0075 0.021312 0.000099 boxcar 1
4.3475 0.0075 0.021219 0.000105 boxcar 1
4.3625 0.0075 0.021117 0.000099 boxcar 1
4.3775 0.0075 0.021061 0.000103 boxcar 1
4.3925 0.0075 0.021063 0.000105 boxcar 1
4.4075 0.0075 0.020847 0.000106 boxcar 1
4.4225 0.0075 0.020965 0.000105 boxcar 1
4.4375 0.0075 0.020815 0.000100 boxcar 1
4.4525 0.0075 0.020604 0.000102 boxcar 1
4.4675 0.0075 0.020756 0.000110 boxcar 1
4.4825 0.0075 0.020457 0.000110 boxcar 1
4.4975 0.0075 0.020530 0.000115 boxcar 1
4.5125 0.0075 0.020352 0.000114 boxcar 1
4.5275 0.0075 0.020563 0.000103 boxcar 1
4.5425 0.0075 0.020443 0.000110 boxcar 1
4.5575 0.0075 0.020635 0.000108 boxcar 1
4.5725 0.0075 0.020513 0.000112 boxcar 1
4.5875 0.0075 0.020400 0.000114 boxcar 1
4.6025 0.0075 0.020549 0.000111 boxcar 1
4.6175 0.0075 0.020676 0.000110 boxcar 1
4.6325 0.0075 0.020438 0.000115 boxcar 1
4.6475 0.0075 0.020579 0.000111 boxcar 1
4.6625 0.0075 0.020435 0.000112 boxcar 1
4.6775 0.0075 0.020645 0.000119 boxcar 1
4.6925 0.0075 0.020355 0.000115 boxcar 1
4.7075 0.0075 0.020542 0.000118 boxcar 1
4.7225 0.0075 0.020659 0.000119 boxcar 1
4.7375 0.0075 0.020433 0.000119 boxcar 1
4.7525 0.0075 0.020700 0.000121 boxcar 1
4.7675 0.0075 0.020444 0.000134 boxcar 1
4.7825 0.0075 0.020251 0.000130 boxcar 1
4.7975 0.0075 0.020375 0.000120 boxcar 1
4.8125 0.0075 0.020589 0.000125 boxcar 1
4.8275 0.0075 0.020543 0.000133 boxcar 1
4.8425 0.0075 0.020586 0.000121 boxcar 1
4.8575 0.0075 0.020475 0.000126 boxcar 1
4.8725 0.0075 0.020419 0.000127 boxcar 1
4.8875 0.0075 0.020146 0.000132 boxcar 1
4.9025 0.0075 0.020215 0.000137 boxcar 1
4.9175 0.0075 0.020256 0.000137 boxcar 1
4.9325 0.0075 0.020505 0.000137 boxcar 1
4.9475 0.0075 0.020447 0.000153 boxcar 1
4.9625 0.0075 0.020361 0.000146 boxcar 1
4.9775 0.0075 0.020336 0.000199 boxcar 1
4.9925 0.0075 0.020159 0.000228 boxcar 1
5.0075 0.0075 0.020080 0.000292 boxcar 1
5.0225 0.0075 0.019991 0.000341 boxcar 1
5.0375 0.0075 0.020435 0.000456 boxcar 1
