# WASP-107b observational data
# Format: wavelength(um)  delta_wavelength(um)  transit_depth  uncertainty  response_mode offset_group
# NIRISS/SOSS O2 + O1 (exoTEDRF) replacing HST; NIRCam, MIRI LRS from Welbanks et al. 2024
# Data sorted by wavelength (lowest to highest)
# ================================================================================
0.6036       0.0033       0.0205428    0.00015865   boxcar 1
0.6102       0.0033       0.0203914    0.0001496    boxcar 1
0.6168       0.00335      0.0207557    0.0001285    boxcar 1
0.6235       0.00335      0.0206882    0.00011995   boxcar 1
0.6302       0.00335      0.020668     0.0001051    boxcar 1
0.6369       0.00335      0.0204954    9.54e-05     boxcar 1
0.6436       0.0034       0.0206578    7.99e-05     boxcar 1
0.6504       0.0034       0.0206332    7.365e-05    boxcar 1
0.6572       0.00355      0.02066      7.365e-05    boxcar 1
0.6643       0.00365      0.0205537    6.285e-05    boxcar 1
0.6716       0.00365      0.0205661    6.355e-05    boxcar 1
0.6789       0.0037       0.0206367    6.295e-05    boxcar 1
0.6863       0.0037       0.0207651    6.26e-05     boxcar 1
0.6937       0.00375      0.0208392    5.64e-05     boxcar 1
0.7012       0.0037       0.0207584    5.48e-05     boxcar 1
0.7086       0.00375      0.0206299    5.385e-05    boxcar 1
0.7161       0.0038       0.0205874    5.82e-05     boxcar 1
0.7237       0.00375      0.0206408    5.22e-05     boxcar 1
0.7312       0.0039       0.0206116    5.19e-05     boxcar 1
0.739        0.00405      0.0207065    5.31e-05     boxcar 1
0.7471       0.00405      0.0206721    5.18e-05     boxcar 1
0.7552       0.00405      0.0207257    5.355e-05    boxcar 1
0.7633       0.0041       0.0206548    5.505e-05    boxcar 1
0.7715       0.0041       0.0206268    5.91e-05     boxcar 1
0.7797       0.0041       0.0206067    5.76e-05     boxcar 1
0.7879       0.0041       0.0206703    5.805e-05    boxcar 1
0.7961       0.00425      0.0205346    6.395e-05    boxcar 1
0.8046       0.00435      0.0206455    6.215e-05    boxcar 1
0.8133       0.0044       0.0206307    6.725e-05    boxcar 1
0.8221       0.0044       0.0204958    6.965e-05    boxcar 1
0.8309       0.0044       0.0205112    6.995e-05    boxcar 1
0.8397       0.00445      0.0206386    7.9e-05      boxcar 1
0.8486       0.00445      0.0206213    7.745e-05    boxcar 1
0.8553       0.00485      0.0207686    5.72e-05     boxcar 1
0.865        0.0049       0.0206731    5.325e-05    boxcar 1
0.8748       0.0049       0.0206771    4.795e-05    boxcar 1
0.8846       0.00495      0.0207395    4.96e-05     boxcar 1
0.8945       0.0049       0.0206499    4.76e-05     boxcar 1
0.9043       0.00495      0.020648     4.655e-05    boxcar 1
0.9142       0.00495      0.0207291    4.575e-05    boxcar 1
0.9241       0.00515      0.0208232    4.705e-05    boxcar 1
0.9344       0.0091       0.0207744    5.035e-05    boxcar 1
0.9526       0.00545      0.0207375    4.1e-05      boxcar 1
0.9635       0.0055       0.0206941    4.2e-05      boxcar 1
0.9745       0.0055       0.0207226    4.41e-05     boxcar 1
0.9855       0.0055       0.0206849    4.005e-05    boxcar 1
0.9965       0.0055       0.020631     4e-05        boxcar 1
1.0075       0.0055       0.0206595    3.785e-05    boxcar 1
1.0185       0.00555      0.0206449    4.14e-05     boxcar 1
1.0296       0.00555      0.0206381    3.725e-05    boxcar 1
1.0407       0.00555      0.0205628    3.755e-05    boxcar 1
1.0518       0.0056       0.0205583    3.665e-05    boxcar 1
1.063        0.0058       0.0205726    3.605e-05    boxcar 1
1.0746       0.00725      0.0205697    3.39e-05     boxcar 1
1.0891       0.00475      0.0205937    4.025e-05    boxcar 1
1.0986       0.01095      0.0205961    4.365e-05    boxcar 1
1.1205       0.0061       0.0206231    3.37e-05     boxcar 1
1.1327       0.0061       0.0205934    3.48e-05     boxcar 1
1.1449       0.00615      0.020632     3.49e-05     boxcar 1
1.1572       0.00615      0.020551     3.095e-05    boxcar 1
1.1695       0.00615      0.0205063    3.31e-05     boxcar 1
1.1818       0.0064       0.0205022    3.415e-05    boxcar 1
1.1946       0.00665      0.0204703    3.135e-05    boxcar 1
1.2079       0.00665      0.0204533    3.195e-05    boxcar 1
1.2212       0.0067       0.0204995    3.155e-05    boxcar 1
1.2346       0.00665      0.0204903    3.35e-05     boxcar 1
1.2479       0.0067       0.0205075    3.09e-05     boxcar 1
1.2613       0.0067       0.0204746    3.04e-05     boxcar 1
1.2747       0.00675      0.0204979    3.045e-05    boxcar 1
1.2882       0.00695      0.0205247    3.275e-05    boxcar 1
1.3021       0.0072       0.020517     2.975e-05    boxcar 1
1.3165       0.0072       0.0204702    3.205e-05    boxcar 1
1.3309       0.00725      0.020608     3.21e-05     boxcar 1
1.3454       0.00725      0.0207013    3.095e-05    boxcar 1
1.3599       0.00725      0.0208595    3.22e-05     boxcar 1
1.3744       0.00725      0.02087      3.115e-05    boxcar 1
1.3889       0.00725      0.0208558    3.23e-05     boxcar 1
1.4034       0.0075       0.0208586    3.335e-05    boxcar 1
1.4184       0.0078       0.0208119    3.265e-05    boxcar 1
1.434        0.00775      0.0208128    3.14e-05     boxcar 1
1.4495       0.0078       0.0207274    3.175e-05    boxcar 1
1.4651       0.00775      0.0206863    2.99e-05     boxcar 1
1.4806       0.0078       0.0206381    3.235e-05    boxcar 1
1.4962       0.00805      0.0206639    3.42e-05     boxcar 1
1.5123       0.0083       0.0205289    3.535e-05    boxcar 1
1.5289       0.0083       0.0205973    3.085e-05    boxcar 1
1.5455       0.0083       0.0205383    3.135e-05    boxcar 1
1.5621       0.0083       0.0206474    3.285e-05    boxcar 1
1.5787       0.0083       0.0205254    3.61e-05     boxcar 1
1.5953       0.00835      0.0205802    3.485e-05    boxcar 1
1.612        0.00855      0.0205577    3.775e-05    boxcar 1
1.6291       0.00885      0.0206117    3.395e-05    boxcar 1
1.6468       0.0088       0.0205578    3.36e-05     boxcar 1
1.6644       0.0088       0.0206083    3.515e-05    boxcar 1
1.682        0.00885      0.0206192    3.61e-05     boxcar 1
1.6997       0.0091       0.0206364    3.77e-05     boxcar 1
1.7179       0.0093       0.0206406    3.71e-05     boxcar 1
1.7365       0.00935      0.0206491    3.89e-05     boxcar 1
1.7552       0.00825      0.0205937    4e-05        boxcar 1
1.7717       0.01235      0.0205842    4.645e-05    boxcar 1
1.7964       0.00935      0.0206186    3.775e-05    boxcar 1
1.8151       0.00805      0.02074      4.25e-05     boxcar 1
1.8312       0.01235      0.0207452    5.285e-05    boxcar 1
1.8559       0.0098       0.0207814    4.395e-05    boxcar 1
1.8755       0.00985      0.0207882    4.29e-05     boxcar 1
1.8952       0.00985      0.0206683    4.415e-05    boxcar 1
1.9149       0.01005      0.0206354    4.31e-05     boxcar 1
1.935        0.01035      0.0207581    4.505e-05    boxcar 1
1.9557       0.0103       0.0207642    4.585e-05    boxcar 1
1.9763       0.01035      0.0206483    4.87e-05     boxcar 1
1.997        0.01055      0.0206309    4.995e-05    boxcar 1
2.0181       0.0108       0.0205366    4.66e-05     boxcar 1
2.0397       0.01085      0.0204809    4.825e-05    boxcar 1
2.0614       0.0108       0.0204602    5.1e-05      boxcar 1
2.083        0.01085      0.0205426    5.155e-05    boxcar 1
2.1047       0.01105      0.0204326    5.26e-05     boxcar 1
2.1268       0.0113       0.0203865    5.315e-05    boxcar 1
2.1494       0.0113       0.0204116    5.275e-05    boxcar 1
2.172        0.0113       0.0204529    5.45e-05     boxcar 1
2.1946       0.0116       0.0203814    5.415e-05    boxcar 1
2.2178       0.0118       0.0205196    5.815e-05    boxcar 1
2.2414       0.0118       0.0203529    5.91e-05     boxcar 1
2.265        0.0118       0.0204184    6.125e-05    boxcar 1
2.2886       0.01185      0.0203478    6.705e-05    boxcar 1
2.3123       0.01205      0.0203596    6.645e-05    boxcar 1
2.3364       0.0123       0.0205119    6.61e-05     boxcar 1
2.361        0.01235      0.0205155    6.62e-05     boxcar 1
2.3857       0.0123       0.020535     7.175e-05    boxcar 1
2.4103       0.0126       0.0205163    7.18e-05     boxcar 1
2.4355       0.0128       0.0204135    7.29e-05     boxcar 1
2.4575       0.0075       0.020693     9.5e-05      boxcar 1
2.4611       0.01285      0.0206471    7.945e-05    boxcar 1
2.4725       0.0075       0.020526     9.9e-05      boxcar 1
2.4868       0.0129       0.0206349    7.745e-05    boxcar 1
2.4875       0.0075       0.02046      9.5e-05      boxcar 1
2.5025       0.0075       0.02061      9.3e-05      boxcar 1
2.5126       0.0131       0.0206406    7.815e-05    boxcar 1
2.5175       0.0075       0.020759     9.5e-05      boxcar 1
2.5325       0.0075       0.020883     9.5e-05      boxcar 1
2.5388       0.0134       0.0207471    8.14e-05     boxcar 1
2.5475       0.0075       0.020699     9.3e-05      boxcar 1
2.5625       0.0075       0.020779     9.1e-05      boxcar 1
2.5656       0.0134       0.0208033    8.4e-05      boxcar 1
2.5775       0.0075       0.020935     8.9e-05      boxcar 1
2.5924       0.0134       0.0206763    8.615e-05    boxcar 1
2.5925       0.0075       0.020738     8.5e-05      boxcar 1
2.6075       0.0075       0.020836     8.3e-05      boxcar 1
2.6192       0.0137       0.0207185    8.895e-05    boxcar 1
2.6225       0.0075       0.020841     8.4e-05      boxcar 1
2.6375       0.0075       0.020789     8.4e-05      boxcar 1
2.6466       0.01395      0.0206063    9.385e-05    boxcar 1
2.6525       0.0075       0.020854     8.2e-05      boxcar 1
2.6675       0.0075       0.021123     8.3e-05      boxcar 1
2.6745       0.01395      0.0209422    9.64e-05     boxcar 1
2.6825       0.0075       0.02122      8.3e-05      boxcar 1
2.6975       0.0075       0.021238     8.1e-05      boxcar 1
2.7024       0.01405      0.0210508    9.4e-05      boxcar 1
2.7125       0.0075       0.021077     7.7e-05      boxcar 1
2.7275       0.0075       0.021161     7.7e-05      boxcar 1
2.7305       0.014        0.0207175    9.755e-05    boxcar 1
2.7425       0.0075       0.021068     7.9e-05      boxcar 1
2.7575       0.0075       0.021036     8.5e-05      boxcar 1
2.7585       0.01435      0.0209213    0.0001026    boxcar 1
2.7725       0.0075       0.021035     8.1e-05      boxcar 1
2.7872       0.01435      0.021113     0.00010465   boxcar 1
2.7875       0.0075       0.020991     8.1e-05      boxcar 1
2.8025       0.0075       0.021009     8.3e-05      boxcar 1
2.8175       0.0075       0.021113     7.7e-05      boxcar 1
2.8325       0.0075       0.020861     8.2e-05      boxcar 1
2.8475       0.0075       0.021045     8.9e-05      boxcar 1
2.8625       0.0075       0.021014     8e-05        boxcar 1
2.8775       0.0075       0.020785     8.5e-05      boxcar 1
2.8925       0.0075       0.020816     8.1e-05      boxcar 1
2.9075       0.0075       0.020813     8.7e-05      boxcar 1
2.9225       0.0075       0.020825     8e-05        boxcar 1
2.9375       0.0075       0.020988     8.5e-05      boxcar 1
2.9525       0.0075       0.020864     8.1e-05      boxcar 1
2.9675       0.0075       0.02079      7.8e-05      boxcar 1
2.9825       0.0075       0.020887     8e-05        boxcar 1
2.9975       0.0075       0.020705     7.8e-05      boxcar 1
3.0125       0.0075       0.020836     7.7e-05      boxcar 1
3.0275       0.0075       0.020666     8e-05        boxcar 1
3.0425       0.0075       0.020836     8.4e-05      boxcar 1
3.0575       0.0075       0.020803     8.5e-05      boxcar 1
3.0725       0.0075       0.020759     8.3e-05      boxcar 1
3.0875       0.0075       0.020727     8.3e-05      boxcar 1
3.1025       0.0075       0.020769     8.2e-05      boxcar 1
3.1175       0.0075       0.020625     8e-05        boxcar 1
3.1325       0.0075       0.020603     8.8e-05      boxcar 1
3.1475       0.0075       0.020805     7.3e-05      boxcar 1
3.1625       0.0075       0.020593     7.7e-05      boxcar 1
3.1775       0.0075       0.020468     7.8e-05      boxcar 1
3.1925       0.0075       0.020441     8.4e-05      boxcar 1
3.2075       0.0075       0.020558     7.3e-05      boxcar 1
3.2225       0.0075       0.020478     7.9e-05      boxcar 1
3.2375       0.0075       0.020587     7.5e-05      boxcar 1
3.2525       0.0075       0.020569     8e-05        boxcar 1
3.2675       0.0075       0.020587     8.1e-05      boxcar 1
3.2825       0.0075       0.020622     7.3e-05      boxcar 1
3.2975       0.0075       0.02055      7.5e-05      boxcar 1
3.3125       0.0075       0.020635     7.5e-05      boxcar 1
3.3275       0.0075       0.020772     8e-05        boxcar 1
3.3425       0.0075       0.020595     7.5e-05      boxcar 1
3.3575       0.0075       0.020555     7.1e-05      boxcar 1
3.3725       0.0075       0.020604     7.6e-05      boxcar 1
3.3875       0.0075       0.020425     7.8e-05      boxcar 1
3.4025       0.0075       0.020401     8.1e-05      boxcar 1
3.4175       0.0075       0.020417     8.2e-05      boxcar 1
3.4325       0.0075       0.020368     7.8e-05      boxcar 1
3.4475       0.0075       0.020412     7.8e-05      boxcar 1
3.4625       0.0075       0.020507     8.2e-05      boxcar 1
3.4775       0.0075       0.020417     7.7e-05      boxcar 1
3.4925       0.0075       0.020462     7.8e-05      boxcar 1
3.5075       0.0075       0.02043      8.1e-05      boxcar 1
3.5225       0.0075       0.020332     8e-05        boxcar 1
3.5375       0.0075       0.020378     7.8e-05      boxcar 1
3.5525       0.0075       0.020229     8.1e-05      boxcar 1
3.5675       0.0075       0.020241     7.9e-05      boxcar 1
3.5825       0.0075       0.020292     7.9e-05      boxcar 1
3.5975       0.0075       0.020355     7.7e-05      boxcar 1
3.6125       0.0075       0.020396     8.1e-05      boxcar 1
3.6275       0.0075       0.020288     7.6e-05      boxcar 1
3.6425       0.0075       0.02032      8.2e-05      boxcar 1
3.6575       0.0075       0.020288     7.8e-05      boxcar 1
3.6725       0.0075       0.020319     7.8e-05      boxcar 1
3.6875       0.0075       0.02034      0.000101     boxcar 1
3.7025       0.0075       0.020364     8.8e-05      boxcar 1
3.7175       0.0075       0.020198     8.5e-05      boxcar 1
3.7325       0.0075       0.020372     8.1e-05      boxcar 1
3.7475       0.0075       0.020281     8e-05        boxcar 1
3.7625       0.0075       0.020305     8.2e-05      boxcar 1
3.7775       0.0075       0.020284     8.2e-05      boxcar 1
3.7925       0.0075       0.020171     8.3e-05      boxcar 1
3.8075       0.0075       0.020242     8.3e-05      boxcar 1
3.8225       0.0075       0.020242     8.5e-05      boxcar 1
3.8375       0.0075       0.020329     8.7e-05      boxcar 1
3.8525       0.0075       0.02024      8.5e-05      boxcar 1
3.8675       0.0075       0.020193     9.2e-05      boxcar 1
3.8825       0.0075       0.020196     9.2e-05      boxcar 1
3.8975       0.0075       0.02027      9e-05        boxcar 1
3.8975       0.0075       0.020387     9.9e-05      boxcar 1
3.9125       0.0075       0.020292     8.6e-05      boxcar 1
3.9125       0.0075       0.0201       9.3e-05      boxcar 1
3.9275       0.0075       0.020351     8.5e-05      boxcar 1
3.9275       0.0075       0.020198     8.1e-05      boxcar 1
3.9425       0.0075       0.020312     8.9e-05      boxcar 1
3.9425       0.0075       0.020236     9.1e-05      boxcar 1
3.9575       0.0075       0.020247     8.3e-05      boxcar 1
3.9725       0.0075       0.020261     8.7e-05      boxcar 1
3.9875       0.0075       0.02036      8.7e-05      boxcar 1
4.0025       0.0075       0.020256     8.2e-05      boxcar 1
4.0175       0.0075       0.020564     8.4e-05      boxcar 1
4.0325       0.0075       0.020432     8.7e-05      boxcar 1
4.0475       0.0075       0.020493     9.1e-05      boxcar 1
4.0625       0.0075       0.020401     8.8e-05      boxcar 1
4.0775       0.0075       0.020283     9.6e-05      boxcar 1
4.0925       0.0075       0.020123     8.5e-05      boxcar 1
4.1075       0.0075       0.020274     8.8e-05      boxcar 1
4.1225       0.0075       0.02019      9.4e-05      boxcar 1
4.1375       0.0075       0.020233     9.3e-05      boxcar 1
4.1525       0.0075       0.020046     8.8e-05      boxcar 1
4.1675       0.0075       0.020226     8.9e-05      boxcar 1
4.1825       0.0075       0.020497     9.2e-05      boxcar 1
4.1975       0.0075       0.020317     9.9e-05      boxcar 1
4.2125       0.0075       0.020583     8.5e-05      boxcar 1
4.2275       0.0075       0.020988     9.4e-05      boxcar 1
4.2425       0.0075       0.020917     0.000101     boxcar 1
4.2575       0.0075       0.021138     8.8e-05      boxcar 1
4.2725       0.0075       0.021197     9e-05        boxcar 1
4.2875       0.0075       0.021213     0.000102     boxcar 1
4.3025       0.0075       0.021258     9.6e-05      boxcar 1
4.3175       0.0075       0.021132     0.0001       boxcar 1
4.3325       0.0075       0.021312     9.9e-05      boxcar 1
4.3475       0.0075       0.021219     0.000105     boxcar 1
4.3625       0.0075       0.021117     9.9e-05      boxcar 1
4.3775       0.0075       0.021061     0.000103     boxcar 1
4.3925       0.0075       0.021063     0.000105     boxcar 1
4.4075       0.0075       0.020847     0.000106     boxcar 1
4.4225       0.0075       0.020965     0.000105     boxcar 1
4.4375       0.0075       0.020815     0.0001       boxcar 1
4.4525       0.0075       0.020604     0.000102     boxcar 1
4.4675       0.0075       0.020756     0.00011      boxcar 1
4.4825       0.0075       0.020457     0.00011      boxcar 1
4.4975       0.0075       0.02053      0.000115     boxcar 1
4.5125       0.0075       0.020352     0.000114     boxcar 1
4.5275       0.0075       0.020563     0.000103     boxcar 1
4.5425       0.0075       0.020443     0.00011      boxcar 1
4.5575       0.0075       0.020635     0.000108     boxcar 1
4.5725       0.0075       0.020513     0.000112     boxcar 1
4.5875       0.0075       0.0204       0.000114     boxcar 1
4.6025       0.0075       0.020549     0.000111     boxcar 1
4.6175       0.0075       0.020676     0.00011      boxcar 1
4.6325       0.0075       0.020438     0.000115     boxcar 1
4.6475       0.0075       0.020579     0.000111     boxcar 1
4.6625       0.0075       0.020435     0.000112     boxcar 1
4.6775       0.0075       0.020645     0.000119     boxcar 1
4.6925       0.0075       0.020355     0.000115     boxcar 1
4.7075       0.0075       0.020542     0.000118     boxcar 1
4.7225       0.0075       0.020659     0.000119     boxcar 1
4.7375       0.0075       0.020433     0.000119     boxcar 1
4.7525       0.0075       0.0207       0.000121     boxcar 1
4.7675       0.0075       0.020444     0.000134     boxcar 1
4.7825       0.0075       0.020251     0.00013      boxcar 1
4.7975       0.0075       0.020375     0.00012      boxcar 1
4.8125       0.0075       0.020589     0.000125     boxcar 1
4.8275       0.0075       0.020543     0.000133     boxcar 1
4.8425       0.0075       0.020586     0.000121     boxcar 1
4.8575       0.0075       0.020475     0.000126     boxcar 1
4.8725       0.0075       0.020419     0.000127     boxcar 1
4.8875       0.0075       0.020146     0.000132     boxcar 1
4.9025       0.0075       0.020215     0.000137     boxcar 1
4.9175       0.0075       0.020256     0.000137     boxcar 1
4.9325       0.0075       0.020505     0.000137     boxcar 1
4.9475       0.0075       0.020447     0.000153     boxcar 1
4.9625       0.0075       0.020361     0.000146     boxcar 1
4.9775       0.0075       0.020336     0.000199     boxcar 1
4.9925       0.0075       0.020159     0.000228     boxcar 1
5.0075       0.0075       0.02008      0.000292     boxcar 1
5.0225       0.0075       0.019991     0.000341     boxcar 1
5.0375       0.0075       0.020435     0.000456     boxcar 1
5.064        0.075        0.020065     8.4e-05      boxcar MIRI
5.214        0.075        0.020083     9.1e-05      boxcar MIRI
5.365        0.075        0.020269     6.4e-05      boxcar MIRI
5.515        0.075        0.020248     8.4e-05      boxcar MIRI
5.665        0.075        0.020213     8.4e-05      boxcar MIRI
5.815        0.075        0.020386     8.9e-05      boxcar MIRI
5.966        0.075        0.020276     6.8e-05      boxcar MIRI
6.116        0.075        0.020241     7.3e-05      boxcar MIRI
6.266        0.075        0.020146     8.6e-05      boxcar MIRI
6.416        0.075        0.020581     7.3e-05      boxcar MIRI
6.567        0.075        0.021055     0.000106     boxcar MIRI
6.717        0.075        0.020838     6.9e-05      boxcar MIRI
6.867        0.075        0.02047      0.000122     boxcar MIRI
7.017        0.075        0.020536     7.3e-05      boxcar MIRI
7.168        0.075        0.021054     7e-05        boxcar MIRI
7.318        0.075        0.02101      7.9e-05      boxcar MIRI
7.468        0.075        0.021386     7.2e-05      boxcar MIRI
7.618        0.075        0.021104     8.8e-05      boxcar MIRI
7.769        0.075        0.020797     8.8e-05      boxcar MIRI
7.919        0.075        0.020868     9.9e-05      boxcar MIRI
8.069        0.075        0.020609     8.4e-05      boxcar MIRI
8.219        0.075        0.020849     0.000148     boxcar MIRI
8.37         0.075        0.020917     9.5e-05      boxcar MIRI
8.52         0.075        0.02093      0.000103     boxcar MIRI
8.67         0.075        0.020953     9.7e-05      boxcar MIRI
8.82         0.075        0.020832     0.000107     boxcar MIRI
8.971        0.075        0.020975     0.000139     boxcar MIRI
9.121        0.075        0.020882     0.000121     boxcar MIRI
9.271        0.075        0.020764     0.000106     boxcar MIRI
9.421        0.075        0.020647     0.000119     boxcar MIRI
9.572        0.075        0.020677     0.000121     boxcar MIRI
9.722        0.075        0.020721     0.000123     boxcar MIRI
9.872        0.075        0.020453     0.000126     boxcar MIRI
10.022       0.075        0.020232     0.00013      boxcar MIRI
10.173       0.075        0.020623     0.000143     boxcar MIRI
10.323       0.075        0.020328     0.000196     boxcar MIRI
10.473       0.075        0.020411     0.000304     boxcar MIRI
10.623       0.075        0.020612     0.000196     boxcar MIRI
10.774       0.075        0.02046      0.000211     boxcar MIRI
10.924       0.075        0.020358     0.000265     boxcar MIRI
11.074       0.075        0.020127     0.000283     boxcar MIRI
11.224       0.075        0.019658     0.000312     boxcar MIRI
11.375       0.075        0.019548     0.000311     boxcar MIRI
11.525       0.075        0.018948     0.000395     boxcar MIRI
11.675       0.075        0.019614     0.000362     boxcar MIRI
11.825       0.075        0.019268     0.000431     boxcar MIRI
11.976       0.075        0.017705     0.000601     boxcar MIRI
12.126       0.075        0.017311     0.000627     boxcar MIRI
12.276       0.075        0.019018     0.000643     boxcar MIRI
12.426       0.075        0.017849     0.000787     boxcar MIRI
12.577       0.075        0.018489     0.001211     boxcar MIRI
12.727       0.075        0.018659     0.001095     boxcar MIRI
12.877       0.075        0.018398     0.001431     boxcar MIRI
13.027       0.075        0.017231     0.001336     boxcar MIRI
13.178       0.075        0.016693     0.001312     boxcar MIRI
13.328       0.075        0.016777     0.001649     boxcar MIRI
13.478       0.075        0.020458     0.001964     boxcar MIRI
13.628       0.075        0.017995     0.00267      boxcar MIRI
