1154
1 0.299513686876478
2 0.30071174162398395
3 0.30191458859047987
4 0.3031222469448418
5 0.3043347359326211
6 0.3055520748763516
7 0.30677428317585703
8 0.30800138030856045
9 0.3092333858297947
10 0.31047031937311387
11 0.31171220065060634
12 0.3129590494532088
13 0.3142108856510216
14 0.31546772919362565
15 0.3167296001104002
16 0.3179965185108418
17 0.31926850458488515
18 0.32054557860322475
19 0.3218277609176376
20 0.3231150719613081
21 0.3244075322491534
22 0.32570516237815
23 0.3270079830276626
24 0.32831601495977325
25 0.32962927901961236
26 0.3309477961356908
27 0.33227158732023354
28 0.33360067366951446
29 0.33493507636419256
30 0.33627481666964937
31 0.3376199159363279
32 0.3389703956000732
33 0.3403262771824735
34 0.3416875822912034
35 0.3430543326203682
36 0.3444265499508497
37 0.34580425615065313
38 0.34718747317525567
39 0.3485762230679567
40 0.34997052796022854
41 0.3513704100720695
42 0.35277589171235774
43 0.35418699527920716
44 0.35560374326032396
45 0.3570261582333653
46 0.3584542628662988
47 0.35988807991776395
48 0.361327632237435
49 0.3627729427663848
50 0.3642240345374503
51 0.36568093067560004
52 0.3671436543983025
53 0.36861222901589563
54 0.37008667793195926
55 0.37156702464368707
56 0.3730532927422619
57 0.37454550591323094
58 0.37604368793688386
59 0.3775478626886314
60 0.3790580541393859
61 0.3805742863559434
62 0.38209658350136716
63 0.38362496983537264
64 0.3851594697147141
65 0.386700107593573
66 0.3882469080239473
67 0.3897998956560431
68 0.3913590952386673
69 0.39292453161962193
70 0.39449622974610044
71 0.39607421466508486
72 0.39765851152374515
73 0.39924914556984015
74 0.40084614215211956
75 0.40244952672072803
76 0.404059324827611
77 0.40567556212692135
78 0.4072982643754291
79 0.4089274574329308
80 0.41056316726266245
81 0.4122054199317131
82 0.41385424161144
83 0.4155096585778858
84 0.4171716972121973
85 0.4188403840010461
86 0.4205157455370503
87 0.4221978085191985
88 0.42388659975327525
89 0.42558214615228834
90 0.4272844747368975
91 0.428993612635845
92 0.43070958708638835
93 0.43243242543473387
94 0.4341621551364728
95 0.4358988037570188
96 0.4376423989720468
97 0.439392968567935
98 0.4411505404422067
99 0.4429151426039755
100 0.44468680317439147
101 0.446465550387089
102 0.44825141258863743
103 0.450044418238992
104 0.451844595911948
105 0.45365197429559573
106 0.4554665821927782
107 0.4572884485215493
108 0.45911760231563553
109 0.4609540727248981
110 0.46279788901579766
111 0.4646490805718609
112 0.46650767689414835
113 0.4683737076017249
114 0.4702472024321319
115 0.47212819124186045
116 0.4740167040068278
117 0.4759127708228552
118 0.47781642190614665
119 0.4797276875937712
120 0.48164659834414636
121 0.4835731847375229
122 0.48550747747647294
123 0.4874495073863788
124 0.4893993054159243
125 0.491356902637588
126 0.4933223302481384
127 0.495295619569131
128 0.49727680204740754
129 0.49926590925559716
130 0.5012629728926196
131 0.50326802478419
132 0.5052810968833267
133 0.50730222127086
134 0.5093314301559434
135 0.5113687558765672
136 0.5134142309000734
137 0.5154678878236737
138 0.5175297593749684
139 0.5195998784124682
140 0.5216782779261181
141 0.5237649910378226
142 0.525860051001974
143 0.5279634912059818
144 0.5300753451708058
145 0.5321956465514891
146 0.534324429137695
147 0.5364617268542458
148 0.5386075737616628
149 0.5407620040567094
150 0.5429250520729363
151 0.5450967522812281
152 0.5472771392903529
153 0.5494662478475143
154 0.5516641128389044
155 0.55387076929026
156 0.556086252367421
157 0.5583105973768907
158 0.5605438397663983
159 0.562786015125464
160 0.5650371591859659
161 0.5672973078227096
162 0.5695664970540005
163 0.5718447630422164
164 0.5741321420943853
165 0.5764286706627628
166 0.5787343853454139
167 0.5810493228867956
168 0.5833735201783427
169 0.585707014259056
170 0.5880498423160923
171 0.5904020416853566
172 0.592763649852098
173 0.5951347044515065
174 0.5975152432693125
175 0.5999053042423897
176 0.6023049254593594
177 0.6047141451611967
178 0.6071330017418416
179 0.609561533748809
180 0.6119997798838042
181 0.6144477790033394
182 0.6169055701193528
183 0.6193731923998301
184 0.6218506851694294
185 0.6243380879101073
186 0.6268354402617475
187 0.6293427820227946
188 0.6318601531508858
189 0.6343875937634894
190 0.6369251441385433
191 0.6394728447150975
192 0.6420307360939578
193 0.6445988590383337
194 0.647177254474487
195 0.649765963492385
196 0.6523650273463545
197 0.6549744874557399
198 0.6575943854055629
199 0.6602247629471852
200 0.6628656619989739
201 0.6655171246469699
202 0.6681791931455577
203 0.6708519099181399
204 0.6735353175578125
205 0.6762294588280438
206 0.6789343766633559
207 0.6816501141700092
208 0.6843767146266894
209 0.6871142214851961
210 0.6898626783711369
211 0.6926221290846214
212 0.6953926176009599
213 0.6981741880713638
214 0.7009668848236491
215 0.7037707523629437
216 0.7065858353723955
217 0.7094121787138852
218 0.7122498274287408
219 0.7150988267384558
220 0.7179592220454096
221 0.7208310589335912
222 0.7237143831693257
223 0.726609240702003
224 0.7295156776648108
225 0.7324337403754702
226 0.735363475336972
227 0.7383049292383199
228 0.7412581489552732
229 0.7442231815510943
230 0.7472000742772987
231 0.750188874574408
232 0.7531896300727056
233 0.7562023885929964
234 0.7592271981473684
235 0.7622641069399578
236 0.7653131633677176
237 0.7683744160211885
238 0.7714479136852733
239 0.7745337053400143
240 0.7776318401613744
241 0.7807423675220199
242 0.7838653369921079
243 0.7870007983400764
244 0.7901488015334367
245 0.7933093967395705
246 0.7964826343265287
247 0.7996685648638349
248 0.8028672391232902
249 0.8060787080797833
250 0.8093030229121025
251 0.8125402350037508
252 0.8157903959437658
253 0.8190535575275408
254 0.822329771757651
255 0.8256190908446815
256 0.8289215672080604
257 0.8322372534768926
258 0.8355662024908002
259 0.8389084673007633
260 0.8422641011699664
261 0.8456331575746463
262 0.8490156902049449
263 0.8524117529657648
264 0.8558213999776279
265 0.8592446855775383
266 0.8626816643198485
267 0.8661323909771278
268 0.8695969205410364
269 0.8730753082232006
270 0.8765676094560935
271 0.8800738798939178
272 0.8835941754134934
273 0.8871285521151474
274 0.890677066323608
275 0.8942397745889024
276 0.897816733687258
277 0.901408000622007
278 0.9050136326244951
279 0.9086336871549929
280 0.912268221903613
281 0.9159172947912275
282 0.9195809639703924
283 0.9232592878262741
284 0.9269523249775791
285 0.9306601342774894
286 0.9343827748145992
287 0.9381203059138576
288 0.9418727871375131
289 0.9456402782860632
290 0.9494228393992075
291 0.9532205307568042
292 0.9570334128798316
293 0.9608615465313508
294 0.9647049927174762
295 0.9685638126883461
296 0.9724380679390995
297 0.9763278202108558
298 0.9802331314916992
299 0.9841540640176659
300 0.9880906802737366
301 0.9920430429948316
302 0.996011215166811
303 0.9999952600274783
304 1.003995241067588
305 1.0080112220318587
306 1.0120432669199861
307 1.016091439987666
308 1.0201558057476166
309 1.024236428970607
310 1.0283333746864896
311 1.0324467081852355
312 1.0365764950179766
313 1.0407228009980485
314 1.0448856922020406
315 1.0490652349708487
316 1.0532614959107323
317 1.0574745418943752
318 1.0617044400619529
319 1.0659512578222006
320 1.0702150628534894
321 1.0744959231049034
322 1.078793906797323
323 1.0831090824245122
324 1.0874415187542104
325 1.0917912848292273
326 1.096158449968544
327 1.1005430837684183
328 1.1049452561034918
329 1.1093650371279056
330 1.1138024972764173
331 1.1182577072655229
332 1.122730738094585
333 1.1272216610469632
334 1.1317305476911512
335 1.136257469881916
336 1.1408024997614434
337 1.1453657097604892
338 1.1499471725995314
339 1.1545469612899293
340 1.159165149135089
341 1.1638018097316292
342 1.1684570169705557
343 1.1731308450384381
344 1.177823368418592
345 1.1825346618922663
346 1.1872648005398352
347 1.1920138597419945
348 1.1967819151809624
349 1.2015690428416863
350 1.206375319013053
351 1.2112008202891054
352 1.216045623570262
353 1.220909806064543
354 1.225793445288801
355 1.2306966190699564
356 1.2356194055462362
357 1.2405618831684213
358 1.245524130701095
359 1.2505062272238994
360 1.2555082521327947
361 1.2605302851413258
362 1.2655724062818914
363 1.270634695907019
364 1.275717234690647
365 1.2808201036294096
366 1.2859433840439272
367 1.291087157580103
368 1.2962515062104236
369 1.3014365122352651
370 1.306642258284206
371 1.311868827317343
372 1.3171163026266124
373 1.322384767837119
374 1.3276743069084675
375 1.3329850041361013
376 1.3383169441526457
377 1.3436702119292563
378 1.3490448927769734
379 1.3544410723480813
380 1.3598588366374738
381 1.3652982719840236
382 1.37075946507196
383 1.3762425029322476
384 1.3817474729439767
385 1.3872744628357525
386 1.3928235606870956
387 1.3983948549298442
388 1.4039884343495634
389 1.4096043880869618
390 1.4152428056393096
391 1.4209037768618669
392 1.4265873919693142
393 1.4322937415371915
394 1.4380229165033402
395 1.4437750081693537
396 1.449550108202031
397 1.4553483086348389
398 1.4611697018693786
399 1.4670143806768559
400 1.4728824381995633
401 1.4787739679523617
402 1.484689063824171
403 1.4906278200794678
404 1.4965903313597857
405 1.5025766926852249
406 1.5085869994559655
407 1.5146213474537893
408 1.5206798328436046
409 1.526762552174979
410 1.532869602383679
411 1.5390010807932135
412 1.5451570851163863
413 1.551337713456852
414 1.5575430643106793
415 1.563773236567922
416 1.5700283295141937
417 1.5763084428322502
418 1.5826136766035792
419 1.588944131309994
420 1.5952999078352337
421 1.6016811074665744
422 1.6080878318964411
423 1.6145201832240268
424 1.6209782639569226
425 1.6274621770127504
426 1.6339720257208015
427 1.6405079138236847
428 1.6470699454789792
429 1.6536582252608953
430 1.6602728581619388
431 1.6669139495945864
432 1.673581605392965
433 1.680275931814537
434 1.6869970355417951
435 1.6937450236839622
436 1.7005200037786978
437 1.7073220837938128
438 1.7141513721289883
439 1.7210079776175042
440 1.7278920095279742
441 1.734803577566086
442 1.7417427918763504
443 1.7487097630438555
444 1.755704602096031
445 1.7627274205044148
446 1.7697783301864327
447 1.7768574435071784
448 1.7839648732812072
449 1.791100732774332
450 1.7982651357054293
451 1.805458196248251
452 1.8126800290332439
453 1.819930749149377
454 1.8272104721459743
455 1.8345193140345586
456 1.8418573912906968
457 1.8492248208558595
458 1.8566217201392832
459 1.8640482070198403
460 1.8715043998479195
461 1.8789904174473113
462 1.8865063791171006
463 1.894052404633569
464 1.901628614252103
465 1.9092351287091114
466 1.9168720692239478
467 1.924539557500844
468 1.9322377157308475
469 1.9399666665937707
470 1.9477265332601459
471 1.9555174393931865
472 1.9633395091507593
473 1.9711928671873624
474 1.9790776386561115
475 1.9869939492107358
476 1.9949419250075788
477 2.002921692707609
478 2.0109333794784394
479 2.018977112996353
480 2.0270530214483387
481 2.035161233534132
482 2.0433018784682684
483 2.0514750859821413
484 2.05968098632607
485 2.067919710271374
486 2.0761913891124593
487 2.0844961546689094
488 2.092834139287585
489 2.1012054758447354
490 2.109610297748114
491 2.1180487389391067
492 2.1265209338948634
493 2.135027017630443
494 2.1435671257009647
495 2.1521413942037686
496 2.160749959780584
497 2.169392959619706
498 2.178070531458185
499 2.1867828135840175
500 2.1955299448383534
501 2.204312064617707
502 2.213129312876178
503 2.2219818301276826
504 2.2308697574481937
505 2.2397932364779862
506 2.248752409423898
507 2.2577474190615936
508 2.26677840873784
509 2.275845522372791
510 2.2849489044622824
511 2.2940887000801315
512 2.3032650548804523
513 2.312478115099974
514 2.321728027560374
515 2.3310149396706157
516 2.3403389994292985
517 2.3497003554270153
518 2.3590991568487234
519 2.3685355534761183
520 2.378009695690023
521 2.387521734472783
522 2.397071821410674
523 2.4066601086963173
524 2.4162867491311024
525 2.4259518961276267
526 2.435655703712137
527 2.445398326526986
528 2.455179919833094
529 2.4650006395124264
530 2.474860642070476
531 2.4847600846387583
532 2.4946991249773136
533 2.5046779214772226
534 2.5146966331631315
535 2.524755419695784
536 2.5348544413745677
537 2.544993859140065
538 2.5551738345766255
539 2.5653945299149323
540 2.575656108034592
541 2.58595873246673
542 2.5963025673965974
543 2.606687777666184
544 2.617114528776849
545 2.6275829868919565
546 2.6380933188395237
547 2.6486456921148824
548 2.6592402748833415
549 2.669877235982875
550 2.6805567449268066
551 2.691278971906514
552 2.70204408779414
553 2.7128522641453165
554 2.7237036732018973
555 2.734598487894705
556 2.745536881846284
557 2.756519029373669
558 2.7675451054911644
559 2.778615285913129
560 2.789729747056781
561 2.8008886660450085
562 2.812092220709189
563 2.823340589592026
564 2.834633951950394
565 2.845972487758195
566 2.8573563777092277
567 2.8687858032200646
568 2.8802609464329447
569 2.8917819902186768
570 2.9033491181795514
571 2.9149625146522693
572 2.9266223647108784
573 2.9383288541697214
574 2.9500821695864006
575 2.9618824982647465
576 2.9737300282578056
577 2.985624948370836
578 2.99756744816432
579 3.009557717956977
580 3.021595948828805
581 3.0336823326241205
582 3.045817061954617
583 3.058000330202435
584 3.070232331523245
585 3.0825132608493377
586 3.094843313892735
587 3.107222687148306
588 3.1196515778968994
589 3.132130184208487
590 3.144658704945321
591 3.157237339765102
592 3.1698662891241627
593 3.1825457542806594
594 3.1952759372977826
595 3.2080570410469735
596 3.2208892692111615
597 3.233772826288006
598 3.2467079175931577
599 3.2596947492635304
600 3.272733528260584
601 3.285824462373627
602 3.2989677602231215
603 3.312163631264014
604 3.3254122857890707
605 3.338713934932226
606 3.352068790671955
607 3.365477065834643
608 3.378938974097981
609 3.3924547299943733
610 3.406024548914351
611 3.4196486471100083
612 3.433327241698448
613 3.4470605506652423
614 3.4608487928679033
615 3.474692188039375
616 3.488590956791532
617 3.5025453206186987
618 3.5165555019011734
619 3.530621723908778
620 3.544744210804413
621 3.558923187647631
622 3.5731588803982217
623 3.587451515919814
624 3.6018013219834937
625 3.6162085272714273
626 3.6306733613805133
627 3.645196054826035
628 3.6597768390453393
629 3.6744159464015205
630 3.689113610187126
631 3.703870064627875
632 3.718685544886386
633 3.7335602870659317
634 3.7484945282141955
635 3.763488506327052
636 3.77854246035236
637 3.7936566301937695
638 3.808831256714545
639 3.8240665817414023
640 3.839362848068368
641 3.854720299460641
642 3.8701391806584833
643 3.8856197373811177
644 3.9011622163306425
645 3.916766865195965
646 3.932433932656749
647 3.9481636683873766
648 3.963956323060926
649 3.9798121483531697
650 3.995731396946582
651 4.0117143225343685
652 4.027761179824505
653 4.043872224543804
654 4.060047713441979
655 4.076287904295747
656 4.092593055912929
657 4.108963428136581
658 4.125399281849128
659 4.141900878976525
660 4.158468482492431
661 4.175102356422401
662 4.191802765848091
663 4.208569976911483
664 4.225404256819129
665 4.242305873846406
666 4.259275097341792
667 4.2763121977311584
668 4.293417446522083
669 4.310591116308171
670 4.327833480773403
671 4.345144814696497
672 4.362525393955283
673 4.379975495531104
674 4.397495397513228
675 4.415085379103281
676 4.432745720619695
677 4.450476703502173
678 4.468278610316182
679 4.4861517247574465
680 4.504096331656476
681 4.522112716983102
682 4.540201167851035
683 4.558361972522439
684 4.576595420412529
685 4.59490180209418
686 4.613281409302556
687 4.631734534939766
688 4.650261473079525
689 4.668862518971844
690 4.687537969047732
691 4.706288120923922
692 4.725113273407619
693 4.744013726501249
694 4.762989781407255
695 4.7820417405328834
696 4.801169907495015
697 4.820374587124995
698 4.839656085473496
699 4.85901470981539
700 4.87845076865465
701 4.897964571729269
702 4.9175564300161865
703 4.937226655736251
704 4.9569755623591965
705 4.976803464608633
706 4.996710678467068
707 5.0166975211809355
708 5.03676431126566
709 5.056911368510722
710 5.077139013984764
711 5.097447570040703
712 5.117837360320866
713 5.138308709762151
714 5.158861944601199
715 5.179497392379603
716 5.200215381949122
717 5.221016243476918
718 5.241900308450826
719 5.26286790968463
720 5.2839193813233685
721 5.305055058848661
722 5.326275279084056
723 5.347580380200393
724 5.368970701721193
725 5.390446584528078
726 5.41200837086619
727 5.433656404349655
728 5.455391029967054
729 5.4772125940869225
730 5.4991214444632694
731 5.521117930241123
732 5.543202401962087
733 5.565375211569936
734 5.5876367124162165
735 5.609987259265881
736 5.632427208302944
737 5.654956917136156
738 5.6775767448047
739 5.700287051783919
740 5.7230881999910554
741 5.745980552791019
742 5.768964475002183
743 5.792040332902191
744 5.8152084942338
745 5.838469328210735
746 5.861823205523577
747 5.885270498345672
748 5.908811580339054
749 5.932446826660412
750 5.956176613967053
751 5.980001320422922
752 6.003921325704613
753 6.027937011007431
754 6.052048759051462
755 6.076256954087668
756 6.1005619819040175
757 6.124964229831634
758 6.149464086750961
759 6.174061943097965
760 6.198758190870356
761 6.2235532236338384
762 6.248447436528373
763 6.273441226274486
764 6.298534991179585
765 6.323729131144303
766 6.349024047668881
767 6.374420143859556
768 6.399917824434994
769 6.425517495732734
770 6.451219565715665
771 6.477024443978528
772 6.502932541754442
773 6.528944271921459
774 6.555060049009145
775 6.581280289205182
776 6.6076054103620026
777 6.63403583200345
778 6.660571975331464
779 6.68721426323279
780 6.7139631202857215
781 6.740818972766864
782 6.767782248657933
783 6.794853377652565
784 6.822032791163176
785 6.849320922327828
786 6.876718206017141
787 6.9042250788412085
788 6.931841979156574
789 6.9595693470732
790 6.9874076244614916
791 7.015357254959338
792 7.0434186839791755
793 7.071592358715092
794 7.099878728149952
795 7.128278243062553
796 7.1567913560348035
797 7.185418521458941
798 7.214160195544778
799 7.243016836326957
800 7.271988903672265
801 7.301076859286954
802 7.3302811667241015
803 7.359602291390997
804 7.389040700556562
805 7.418596863358789
806 7.448271250812223
807 7.478064335815471
808 7.507976593158734
809 7.538008499531369
810 7.568160533529494
811 7.598433175663612
812 7.628826908366266
813 7.659342215999731
814 7.689979584863731
815 7.720739503203186
816 7.751622461215999
817 7.782628951060862
818 7.813759466865106
819 7.845014504732566
820 7.876394562751496
821 7.907900141002503
822 7.939531741566513
823 7.971289868532779
824 8.00317502800691
825 8.035187728118936
826 8.067328479031412
827 8.099597792947538
828 8.131996184119329
829 8.164524168855806
830 8.197182265531229
831 8.229970994593355
832 8.262890878571728
833 8.295942442086014
834 8.329126211854359
835 8.362442716701777
836 8.395892487568585
837 8.429476057518858
838 8.463193961748933
839 8.49704673759593
840 8.531034924546313
841 8.565159064244499
842 8.599419700501477
843 8.633817379303483
844 8.668352648820697
845 8.70302605941598
846 8.737838163653642
847 8.772789516308256
848 8.807880674373491
849 8.843112197070985
850 8.878484645859269
851 8.913998584442705
852 8.949654578780475
853 8.985453197095595
854 9.021395009883978
855 9.057480589923514
856 9.093710512283208
857 9.13008535433234
858 9.16660569574967
859 9.203272118532668
860 9.240085207006798
861 9.277045547834826
862 9.314153730026165
863 9.351410344946268
864 9.388815986326055
865 9.426371250271359
866 9.464076735272444
867 9.501933042213533
868 9.539940774382387
869 9.578100537479918
870 9.616412939629837
871 9.654878591388357
872 9.69349810575391
873 9.732272098176926
874 9.771201186569634
875 9.810285991315912
876 9.849527135281175
877 9.8889252438223
878 9.92848094479759
879 9.96819486857678
880 10.008067648051085
881 10.048099918643288
882 10.088292318317864
883 10.128645487591134
884 10.169160069541498
885 10.209836709819667
886 10.250676056658946
887 10.291678760885581
888 10.332845475929124
889 10.37417685783284
890 10.415673565264171
891 10.457336259525228
892 10.499165604563327
893 10.54116226698158
894 10.583326916049508
895 10.625660223713703
896 10.668162864608561
897 10.710835516066993
898 10.753678858131263
899 10.796693573563788
900 10.839880347858044
901 10.883239869249474
902 10.926772828726472
903 10.97047992004138
904 11.014361839721545
905 11.05841928708043
906 11.102652964228753
907 11.147063576085667
908 11.19165183039001
909 11.23641843771157
910 11.281364111462414
911 11.326489567908265
912 11.371795526179898
913 11.417282708284617
914 11.462951839117757
915 11.508803646474227
916 11.554838861060125
917 11.601058216504365
918 11.647462449370382
919 11.694052299167865
920 11.740828508364535
921 11.787791822397994
922 11.834942989687587
923 11.882282761646334
924 11.929811892692921
925 11.977531140263693
926 12.02544126482475
927 12.073543029884046
928 12.121837202003585
929 12.170324550811598
930 12.219005849014845
931 12.267881872410904
932 12.316953399900548
933 12.36622121350015
934 12.41568609835415
935 12.465348842747566
936 12.515210238118557
937 12.565271079071033
938 12.615532163387318
939 12.665994292040866
940 12.71665826920903
941 12.767524902285865
942 12.818595001895009
943 12.869869381902589
944 12.9213488594302
945 12.97303425486792
946 13.024926391887393
947 13.077026097454944
948 13.129334201844763
949 13.181851538652142
950 13.23457894480675
951 13.287517260585977
952 13.340667329628323
953 13.394029998946834
954 13.447606118942621
955 13.501396543418391
956 13.555402129592066
957 13.609623738110434
958 13.664062233062877
959 13.718718481995129
960 13.77359335592311
961 13.828687729346804
962 13.88400248026419
963 13.939538490185246
964 13.995296644145986
965 14.051277830722569
966 14.10748294204546
967 14.16391287381364
968 14.220568525308893
969 14.277450799410127
970 14.33456060260777
971 14.3918988450182
972 14.449466440398272
973 14.507264306159865
974 14.565293363384505
975 14.623554536838043
976 14.682048754985393
977 14.740776950005337
978 14.799740057805359
979 14.858939018036581
980 14.918374774108727
981 14.978048273205161
982 15.037960466297983
983 15.098112308163175
984 15.158504757395827
985 15.21913877642541
986 15.280015331531112
987 15.341135392857236
988 15.402499934428667
989 15.46410993416638
990 15.525966373903044
991 15.588070239398657
992 15.650422520356253
993 15.713024210437679
994 15.775876307279429
995 15.838979812508546
996 15.90233573175858
997 15.965945074685614
998 16.029808854984356
999 16.093928090404294
1000 16.15830380276591
1001 16.222937017976975
1002 16.287828766048882
1003 16.352980081113078
1004 16.41839200143753
1005 16.48406556944328
1006 16.550001831721055
1007 16.61620183904794
1008 16.68266664640413
1009 16.749397312989746
1010 16.816394902241704
1011 16.883660481850672
1012 16.951195123778074
1013 17.01899990427319
1014 17.08707590389028
1015 17.155424207505842
1016 17.224045904335867
1017 17.29294208795321
1018 17.36211385630502
1019 17.431562311730243
1020 17.501288560977162
1021 17.57129371522107
1022 17.641578890081956
1023 17.712145205642283
1024 17.78299378646485
1025 17.85412576161071
1026 17.925542264657153
1027 17.99724443371578
1028 18.069233411450643
1029 18.141510345096446
1030 18.21407638647683
1031 18.286932692022738
1032 18.36008042279083
1033 18.433520744481992
1034 18.50725482745992
1035 18.58128384676976
1036 18.65560898215684
1037 18.730231418085467
1038 18.805152343757808
1039 18.88037295313284
1040 18.955894444945372
1041 19.03171802272515
1042 19.10784489481605
1043 19.18427627439532
1044 19.261013379492898
1045 19.33805743301087
1046 19.415409662742913
1047 19.493071301393886
1048 19.571043586599462
1049 19.649327760945862
1050 19.727925071989645
1051 19.8068367722776
1052 19.886064119366715
1053 19.96560837584418
1054 20.045470809347556
1055 20.125652692584943
1056 20.206155303355285
1057 20.286979924568705
1058 20.368127844266983
1059 20.449600355644048
1060 20.531398757066626
1061 20.613524352094892
1062 20.69597844950327
1063 20.778762363301283
1064 20.861877412754488
1065 20.945324922405508
1066 21.02910622209513
1067 21.11322264698351
1068 21.197675537571445
1069 21.282466239721728
1070 21.36759610468062
1071 21.453066489099342
1072 21.53887875505574
1073 21.62503427007596
1074 21.711534407156268
1075 21.79838054478489
1076 21.88557406696403
1077 21.973116363231885
1078 22.06100882868481
1079 22.149252863999553
1080 22.237849875455552
1081 22.326801274957376
1082 22.4161084800572
1083 22.505772913977427
1084 22.595796005633343
1085 22.686179189655874
1086 22.776923906414492
1087 22.868031602040155
1088 22.95950372844831
1089 23.05134174336211
1090 23.143547110335557
1091 23.236121298776897
1092 23.32906578397201
1093 23.422382047107895
1094 23.516071575296326
1095 23.610135861597513
1096 23.704576405043902
1097 23.799394710664078
1098 23.894592289506733
1099 23.990170658664756
1100 24.086131341299414
1101 24.182475866664618
1102 24.279205770131274
1103 24.376322593211803
1104 24.47382788358465
1105 24.571723195118988
1106 24.67001008789946
1107 24.76869012825106
1108 24.867764888764064
1109 24.96723594831912
1110 25.067104892112397
1111 25.167373311680848
1112 25.26804280492757
1113 25.369114976147284
1114 25.470591436051873
1115 25.572473801796082
1116 25.674763697003264
1117 25.777462751791273
1118 25.880572602798438
1119 25.98409489320963
1120 26.08803127278247
1121 26.192383397873595
1122 26.297152931465092
1123 26.402341543190953
1124 26.507950909363718
1125 26.61398271300117
1126 26.72043864385318
1127 26.827320398428594
1128 26.934629680022308
1129 27.0423681987424
1130 27.15053767153736
1131 27.25913982222351
1132 27.36817638151241
1133 27.477649087038458
1134 27.587559683386612
1135 27.69790992212016
1136 27.808701561808643
1137 27.919936368055875
1138 28.031616113528102
1139 28.143742577982213
1140 28.25631754829414
1141 28.369342818487315
1142 28.482820189761263
1143 28.596751470520307
1144 28.71113847640239
1145 28.825983030308
1146 28.94128696242923
1147 29.05705211027895
1148 29.17328031872006
1149 29.28997343999495
1150 29.407133333754928
1151 29.524761867089946
1152 29.64286091455831
1153 29.76143235821654
1154 29.880478087649408
