0.3003592448
0.3006597542
0.3009605644
0.3012616755
0.3015630878
0.3018648017
0.3021668175
0.3024691355
0.3027717559
0.3030746791
0.3033779053
0.3036814350
0.3039852683
0.3042894056
0.3045938472
0.3048985934
0.3052036445
0.3055090008
0.3058146626
0.3061206302
0.3064269040
0.3067334842
0.3070403711
0.3073475650
0.3076550663
0.3079628752
0.3082709921
0.3085794173
0.3088881511
0.3091971937
0.3095065456
0.3098162069
0.3101261781
0.3104364594
0.3107470511
0.3110579536
0.3113691671
0.3116806920
0.3119925286
0.3123046772
0.3126171381
0.3129299116
0.3132429980
0.3135563977
0.3138701109
0.3141841380
0.3144984793
0.3148131351
0.3151281056
0.3154433914
0.3157589925
0.3160749095
0.3163911425
0.3167076919
0.3170245580
0.3173417411
0.3176592415
0.3179770597
0.3182951958
0.3186136502
0.3189324232
0.3192515151
0.3195709263
0.3198906571
0.3202107077
0.3205310786
0.3208517700
0.3211727822
0.3214941157
0.3218157706
0.3221377473
0.3224600462
0.3227826675
0.3231056116
0.3234288788
0.3237524695
0.3240763839
0.3244006224
0.3247251852
0.3250500728
0.3253752855
0.3257008235
0.3260266873
0.3263528770
0.3266793931
0.3270062359
0.3273334057
0.3276609028
0.3279887276
0.3283168804
0.3286453615
0.3289741712
0.3293033099
0.3296327779
0.3299625756
0.3302927032
0.3306231611
0.3309539496
0.3312850691
0.3316165199
0.3319483023
0.3322804166
0.3326128632
0.3329456424
0.3332787546
0.3336122001
0.3339459791
0.3342800921
0.3346145394
0.3349493213
0.3352844382
0.3356198903
0.3359556781
0.3362918018
0.3366282618
0.3369650584
0.3373021920
0.3376396629
0.3379774715
0.3383156180
0.3386541028
0.3389929263
0.3393320888
0.3396715906
0.3400114321
0.3403516136
0.3406921354
0.3410329979
0.3413742015
0.3417157465
0.3420576331
0.3423998618
0.3427424330
0.3430853468
0.3434286038
0.3437722041
0.3441161483
0.3444604365
0.3448050693
0.3451500468
0.3454953695
0.3458410377
0.3461870517
0.3465334119
0.3468801186
0.3472271722
0.3475745731
0.3479223215
0.3482704178
0.3486188624
0.3489676557
0.3493167979
0.3496662894
0.3500161306
0.3503663218
0.3507168633
0.3510677556
0.3514189990
0.3517705937
0.3521225403
0.3524748389
0.3528274901
0.3531804940
0.3535338512
0.3538875618
0.3542416264
0.3545960452
0.3549508186
0.3553059470
0.3556614306
0.3560172699
0.3563734653
0.3567300170
0.3570869254
0.3574441910
0.3578018139
0.3581597947
0.3585181336
0.3588768311
0.3592358874
0.3595953030
0.3599550781
0.3603152133
0.3606757087
0.3610365648
0.3613977819
0.3617593605
0.3621213008
0.3624836032
0.3628462681
0.3632092959
0.3635726868
0.3639364414
0.3643005598
0.3646650426
0.3650298900
0.3653951025
0.3657606804
0.3661266240
0.3664929337
0.3668596100
0.3672266531
0.3675940634
0.3679618413
0.3683299872
0.3686985014
0.3690673843
0.3694366363
0.3698062577
0.3701762490
0.3705466104
0.3709173423
0.3712884452
0.3716599193
0.3720317651
0.3724039830
0.3727765732
0.3731495362
0.3735228724
0.3738965821
0.3742706657
0.3746451236
0.3750199561
0.3753951636
0.3757707465
0.3761467052
0.3765230401
0.3768997514
0.3772768397
0.3776543052
0.3780321484
0.3784103697
0.3787889693
0.3791679477
0.3795473053
0.3799270425
0.3803071595
0.3806876569
0.3810685350
0.3814497941
0.3818314347
0.3822134571
0.3825958617
0.3829786489
0.3833618191
0.3837453727
0.3841293100
0.3845136315
0.3848983374
0.3852834283
0.3856689044
0.3860547662
0.3864410141
0.3868276484
0.3872146695
0.3876020778
0.3879898738
0.3883780577
0.3887666300
0.3891555911
0.3895449413
0.3899346811
0.3903248108
0.3907153309
0.3911062416
0.3914975435
0.3918892368
0.3922813221
0.3926737996
0.3930666698
0.3934599331
0.3938535898
0.3942476404
0.3946420852
0.3950369247
0.3954321592
0.3958277891
0.3962238149
0.3966202369
0.3970170555
0.3974142711
0.3978118842
0.3982098950
0.3986083041
0.3990071118
0.3994063185
0.3998059246
0.4002059304
0.4006063365
0.4010071433
0.4014083510
0.4018099601
0.4022119710
0.4026143842
0.4030171999
0.4034204187
0.4038240409
0.4042280669
0.4046324972
0.4050373320
0.4054425720
0.4058482173
0.4062542685
0.4066607260
0.4070675901
0.4074748613
0.4078825400
0.4082906265
0.4086991214
0.4091080249
0.4095173376
0.4099270597
0.4103371918
0.4107477342
0.4111586874
0.4115700517
0.4119818277
0.4123940155
0.4128066158
0.4132196289
0.4136330552
0.4140468952
0.4144611491
0.4148758176
0.4152909009
0.4157063995
0.4161223139
0.4165386443
0.4169553913
0.4173725552
0.4177901365
0.4182081356
0.4186265529
0.4190453889
0.4194646439
0.4198843183
0.4203044126
0.4207249273
0.4211458626
0.4215672191
0.4219889972
0.4224111973
0.4228338197
0.4232568651
0.4236803336
0.4241042259
0.4245285422
0.4249532831
0.4253784489
0.4258040401
0.4262300571
0.4266565004
0.4270833703
0.4275106673
0.4279383918
0.4283665442
0.4287951250
0.4292241346
0.4296535734
0.4300834419
0.4305137404
0.4309444695
0.4313756295
0.4318072209
0.4322392441
0.4326716995
0.4331045876
0.4335379089
0.4339716636
0.4344058523
0.4348404755
0.4352755334
0.4357110267
0.4361469556
0.4365833207
0.4370201224
0.4374573611
0.4378950373
0.4383331513
0.4387717037
0.4392106949
0.4396501253
0.4400899953
0.4405303054
0.4409710560
0.4414122477
0.4418538807
0.4422959556
0.4427384727
0.4431814327
0.4436248358
0.4440686825
0.4445129733
0.4449577086
0.4454028888
0.4458485145
0.4462945860
0.4467411038
0.4471880684
0.4476354801
0.4480833395
0.4485316469
0.4489804029
0.4494296079
0.4498792623
0.4503293666
0.4507799212
0.4512309266
0.4516823832
0.4521342915
0.4525866519
0.4530394649
0.4534927310
0.4539464505
0.4544006240
0.4548552519
0.4553103347
0.4557658728
0.4562218666
0.4566783166
0.4571352234
0.4575925872
0.4580504087
0.4585086882
0.4589674262
0.4594266232
0.4598862796
0.4603463959
0.4608069726
0.4612680100
0.4617295088
0.4621914692
0.4626538918
0.4631167771
0.4635801256
0.4640439375
0.4645082136
0.4649729541
0.4654381596
0.4659038306
0.4663699675
0.4668365707
0.4673036408
0.4677711781
0.4682391833
0.4687076567
0.4691765987
0.4696460100
0.4701158909
0.4705862419
0.4710570636
0.4715283562
0.4720001204
0.4724723566
0.4729450653
0.4734182469
0.4738919020
0.4743660309
0.4748406342
0.4753157123
0.4757912658
0.4762672950
0.4767438005
0.4772207828
0.4776982422
0.4781761794
0.4786545947
0.4791334887
0.4796128619
0.4800927146
0.4805730475
0.4810538609
0.4815351554
0.4820169314
0.4824991894
0.4829819299
0.4834651534
0.4839488604
0.4844330513
0.4849177266
0.4854028869
0.4858885326
0.4863746641
0.4868612821
0.4873483869
0.4878359790
0.4883240590
0.4888126273
0.4893016844
0.4897912308
0.4902812670
0.4907717935
0.4912628108
0.4917543193
0.4922463196
0.4927388121
0.4932317974
0.4937252759
0.4942192481
0.4947137145
0.4952086757
0.4957041320
0.4962000841
0.4966965324
0.4971934773
0.4976909195
0.4981888593
0.4986872974
0.4991862341
0.4996856700
0.5001856056
0.5006860414
0.5011869778
0.5016884155
0.5021903548
0.5026927964
0.5031957406
0.5036991880
0.5042031391
0.5047075945
0.5052125545
0.5057180198
0.5062239907
0.5067304679
0.5072374518
0.5077449430
0.5082529419
0.5087614490
0.5092704649
0.5097799901
0.5102900251
0.5108005703
0.5113116264
0.5118231938
0.5123352730
0.5128478645
0.5133609689
0.5138745866
0.5143887182
0.5149033642
0.5154185251
0.5159342014
0.5164503937
0.5169671024
0.5174843281
0.5180020712
0.5185203324
0.5190391121
0.5195584108
0.5200782290
0.5205985674
0.5211194264
0.5216408064
0.5221627081
0.5226851320
0.5232080786
0.5237315483
0.5242555419
0.5247800596
0.5253051021
0.5258306700
0.5263567637
0.5268833837
0.5274105306
0.5279382049
0.5284664072
0.5289951379
0.5295243976
0.5300541869
0.5305845062
0.5311153561
0.5316467371
0.5321786497
0.5327110946
0.5332440721
0.5337775829
0.5343116274
0.5348462063
0.5353813200
0.5359169691
0.5364531541
0.5369898756
0.5375271341
0.5380649301
0.5386032641
0.5391421368
0.5396815486
0.5402215000
0.5407619918
0.5413030242
0.5418445980
0.5423867136
0.5429293716
0.5434725725
0.5440163169
0.5445606053
0.5451054383
0.5456508164
0.5461967401
0.5467432100
0.5472902267
0.5478377907
0.5483859025
0.5489345627
0.5494837718
0.5500335304
0.5505838390
0.5511346983
0.5516861086
0.5522380707
0.5527905849
0.5533436520
0.5538972724
0.5544514467
0.5550061755
0.5555614593
0.5561172986
0.5566736941
0.5572306462
0.5577881555
0.5583462227
0.5589048482
0.5594640326
0.5600237764
0.5605840803
0.5611449448
0.5617063704
0.5622683577
0.5628309073
0.5633940197
0.5639576955
0.5645219353
0.5650867396
0.5656521089
0.5662180440
0.5667845452
0.5673516133
0.5679192486
0.5684874519
0.5690562237
0.5696255646
0.5701954751
0.5707659557
0.5713370072
0.5719086299
0.5724808246
0.5730535918
0.5736269320
0.5742008458
0.5747753339
0.5753503967
0.5759260348
0.5765022489
0.5770790395
0.5776564072
0.5782343525
0.5788128761
0.5793919785
0.5799716603
0.5805519220
0.5811327643
0.5817141877
0.5822961929
0.5828787803
0.5834619506
0.5840457044
0.5846300422
0.5852149647
0.5858004724
0.5863865658
0.5869732457
0.5875605125
0.5881483669
0.5887368094
0.5893258407
0.5899154613
0.5905056718
0.5910964729
0.5916878650
0.5922798488
0.5928724249
0.5934655938
0.5940593563
0.5946537127
0.5952486639
0.5958442103
0.5964403525
0.5970370912
0.5976344269
0.5982323602
0.5988308918
0.5994300222
0.6000297520
0.6006300819
0.6012310124
0.6018325441
0.6024346777
0.6030374137
0.6036407527
0.6042446954
0.6048492423
0.6054543941
0.6060601513
0.6066665146
0.6072734845
0.6078810618
0.6084892469
0.6090980405
0.6097074431
0.6103174555
0.6109280783
0.6115393119
0.6121511571
0.6127636144
0.6133766845
0.6139903680
0.6146046655
0.6152195775
0.6158351048
0.6164512480
0.6170680075
0.6176853842
0.6183033785
0.6189219911
0.6195412227
0.6201610738
0.6207815450
0.6214026371
0.6220243505
0.6226466860
0.6232696441
0.6238932255
0.6245174308
0.6251422606
0.6257677155
0.6263937962
0.6270205033
0.6276478374
0.6282757992
0.6289043892
0.6295336082
0.6301634566
0.6307939353
0.6314250447
0.6320567856
0.6326891585
0.6333221641
0.6339558030
0.6345900759
0.6352249834
0.6358605261
0.6364967047
0.6371335197
0.6377709719
0.6384090619
0.6390477903
0.6396871577
0.6403271648
0.6409678122
0.6416091006
0.6422510306
0.6428936029
0.6435368181
0.6441806768
0.6448251796
0.6454703273
0.6461161205
0.6467625598
0.6474096458
0.6480573793
0.6487057608
0.6493547910
0.6500044706
0.6506548002
0.6513057804
0.6519574120
0.6526096955
0.6532626316
0.6539162209
0.6545704642
0.6552253621
0.6558809152
0.6565371241
0.6571939896
0.6578515123
0.6585096929
0.6591685319
0.6598280302
0.6604881882
0.6611490068
0.6618104865
0.6624726280
0.6631354319
0.6637988990
0.6644630300
0.6651278253
0.6657932858
0.6664594121
0.6671262049
0.6677936648
0.6684617924
0.6691305886
0.6698000538
0.6704701889
0.6711409944
0.6718124711
0.6724846196
0.6731574406
0.6738309347
0.6745051027
0.6751799451
0.6758554628
0.6765316563
0.6772085263
0.6778860736
0.6785642987
0.6792432024
0.6799227853
0.6806030482
0.6812839916
0.6819656164
0.6826479231
0.6833309125
0.6840145852
0.6846989419
0.6853839833
0.6860697101
0.6867561229
0.6874432225
0.6881310096
0.6888194848
0.6895086488
0.6901985023
0.6908890460
0.6915802806
0.6922722068
0.6929648253
0.6936581367
0.6943521418
0.6950468412
0.6957422357
0.6964383259
0.6971351126
0.6978325964
0.6985307780
0.6992296582
0.6999292376
0.7006295169
0.7013304968
0.7020321781
0.7027345614
0.7034376475
0.7041414369
0.7048459306
0.7055511290
0.7062570331
0.7069636433
0.7076709606
0.7083789855
0.7090877188
0.7097971612
0.7105073133
0.7112181760
0.7119297499
0.7126420358
0.7133550342
0.7140687461
0.7147831720
0.7154983127
0.7162141688
0.7169307412
0.7176480306
0.7183660375
0.7190847629
0.7198042073
0.7205243715
0.7212452563
0.7219668623
0.7226891902
0.7234122409
0.7241360150
0.7248605132
0.7255857362
0.7263116849
0.7270383598
0.7277657618
0.7284938916
0.7292227499
0.7299523374
0.7306826548
0.7314137029
0.7321454824
0.7328779941
0.7336112387
0.7343452168
0.7350799294
0.7358153769
0.7365515604
0.7372884803
0.7380261376
0.7387645328
0.7395036669
0.7402435404
0.7409841542
0.7417255090
0.7424676055
0.7432104444
0.7439540266
0.7446983527
0.7454434236
0.7461892398
0.7469358023
0.7476831117
0.7484311688
0.7491799743
0.7499295290
0.7506798336
0.7514308889
0.7521826956
0.7529352545
0.7536885664
0.7544426319
0.7551974519
0.7559530271
0.7567093582
0.7574664460
0.7582242913
0.7589828949
0.7597422574
0.7605023796
0.7612632624
0.7620249064
0.7627873124
0.7635504813
0.7643144137
0.7650791104
0.7658445721
0.7666107998
0.7673777940
0.7681455556
0.7689140854
0.7696833840
0.7704534524
0.7712242912
0.7719959012
0.7727682833
0.7735414381
0.7743153664
0.7750900690
0.7758655468
0.7766418004
0.7774188306
0.7781966383
0.7789752242
0.7797545890
0.7805347336
0.7813156587
0.7820973652
0.7828798537
0.7836631252
0.7844471803
0.7852320198
0.7860176446
0.7868040553
0.7875912529
0.7883792381
0.7891680117
0.7899575744
0.7907479271
0.7915390705
0.7923310055
0.7931237328
0.7939172532
0.7947115676
0.7955066766
0.7963025812
0.7970992820
0.7978967800
0.7986950759
0.7994941704
0.8002940645
0.8010947588
0.8018962543
0.8026985516
0.8035016516
0.8043055552
0.8051102630
0.8059157760
0.8067220948
0.8075292204
0.8083371535
0.8091458950
0.8099554456
0.8107658062
0.8115769775
0.8123889604
0.8132017557
0.8140153642
0.8148297867
0.8156450240
0.8164610770
0.8172779464
0.8180956332
0.8189141380
0.8197334617
0.8205536052
0.8213745692
0.8221963546
0.8230189622
0.8238423928
0.8246666472
0.8254917263
0.8263176310
0.8271443619
0.8279719200
0.8288003060
0.8296295208
0.8304595653
0.8312904403
0.8321221465
0.8329546848
0.8337880561
0.8346222612
0.8354573009
0.8362931761
0.8371298876
0.8379674361
0.8388058227
0.8396450481
0.8404851131
0.8413260186
0.8421677654
0.8430103544
0.8438537864
0.8446980622
0.8455431828
0.8463891489
0.8472359614
0.8480836211
0.8489321289
0.8497814856
0.8506316922
0.8514827493
0.8523346579
0.8531874189
0.8540410331
0.8548955013
0.8557508243
0.8566070032
0.8574640386
0.8583219316
0.8591806828
0.8600402932
0.8609007637
0.8617620950
0.8626242881
0.8634873439
0.8643512631
0.8652160467
0.8660816955
0.8669482104
0.8678155922
0.8686838419
0.8695529602
0.8704229481
0.8712938064
0.8721655360
0.8730381377
0.8739116125
0.8747859612
0.8756611847
0.8765372839
0.8774142596
0.8782921127
0.8791708441
0.8800504547
0.8809309453
0.8818123169
0.8826945703
0.8835777063
0.8844617260
0.8853466301
0.8862324195
0.8871190952
0.8880066580
0.8888951088
0.8897844485
0.8906746780
0.8915657982
0.8924578099
0.8933507141
0.8942445116
0.8951392034
0.8960347903
0.8969312733
0.8978286532
0.8987269309
0.8996261073
0.9005261834
0.9014271600
0.9023290380
0.9032318184
0.9041355020
0.9050400897
0.9059455824
0.9068519812
0.9077592867
0.9086675000
0.9095766220
0.9104866536
0.9113975956
0.9123094491
0.9132222148
0.9141358938
0.9150504869
0.9159659951
0.9168824192
0.9177997602
0.9187180190
0.9196371966
0.9205572937
0.9214783115
0.9224002507
0.9233231123
0.9242468972
0.9251716064
0.9260972407
0.9270238012
0.9279512886
0.9288797041
0.9298090484
0.9307393225
0.9316705273
0.9326026638
0.9335357329
0.9344697356
0.9354046727
0.9363405453
0.9372773541
0.9382151003
0.9391537846
0.9400934082
0.9410339718
0.9419754764
0.9429179230
0.9438613126
0.9448056460
0.9457509242
0.9466971481
0.9476443188
0.9485924371
0.9495415040
0.9504915204
0.9514424873
0.9523944057
0.9533472765
0.9543011006
0.9552558790
0.9562116127
0.9571683025
0.9581259496
0.9590845548
0.9600441190
0.9610046433
0.9619661286
0.9629285759
0.9638919861
0.9648563602
0.9658216991
0.9667880039
0.9677552755
0.9687235148
0.9696927228
0.9706629005
0.9716340489
0.9726061690
0.9735792616
0.9745533278
0.9755283686
0.9765043849
0.9774813777
0.9784593480
0.9794382967
0.9804182249
0.9813991335
0.9823810235
0.9833638959
0.9843477516
0.9853325917
0.9863184171
0.9873052288
0.9882930279
0.9892818152
0.9902715919
0.9912623587
0.9922541169
0.9932468673
0.9942406110
0.9952353489
0.9962310820
0.9972278114
0.9982255379
0.9992242628
1.0002239868
1.0012247111
1.0022264366
1.0032291643
1.0042328952
1.0052376304
1.0062433708
1.0072501175
1.0082578714
1.0092666336
1.0102764050
1.0112871867
1.0122989797
1.0133117850
1.0143256036
1.0153404365
1.0163562848
1.0173731495
1.0183910315
1.0194099319
1.0204298517
1.0214507919
1.0224727536
1.0234957378
1.0245197454
1.0255447776
1.0265708353
1.0275979196
1.0286260315
1.0296551720
1.0306853422
1.0317165430
1.0327487756
1.0337820409
1.0348163400
1.0358516740
1.0368880437
1.0379254504
1.0389638950
1.0400033785
1.0410439021
1.0420854667
1.0431280734
1.0441717232
1.0452164171
1.0462621563
1.0473089418
1.0483567746
1.0494056557
1.0504555862
1.0515065672
1.0525585997
1.0536116848
1.0546658234
1.0557210168
1.0567772658
1.0578345717
1.0588929353
1.0599523579
1.0610128404
1.0620743839
1.0631369895
1.0642006583
1.0652653912
1.0663311894
1.0673980539
1.0684659859
1.0695349863
1.0706050562
1.0716761967
1.0727484089
1.0738216939
1.0748960527
1.0759714864
1.0770479960
1.0781255827
1.0792042475
1.0802839916
1.0813648159
1.0824467216
1.0835297097
1.0846137813
1.0856989376
1.0867851796
1.0878725083
1.0889609250
1.0900504305
1.0911410262
1.0922327130
1.0933254920
1.0944193643
1.0955143311
1.0966103933
1.0977075522
1.0988058088
1.0999051642
1.1010056195
1.1021071758
1.1032098342
1.1043135958
1.1054184618
1.1065244331
1.1076315110
1.1087396965
1.1098489908
1.1109593949
1.1120709099
1.1131835371
1.1142972774
1.1154121320
1.1165281020
1.1176451886
1.1187633928
1.1198827157
1.1210031586
1.1221247224
1.1232474084
1.1243712176
1.1254961512
1.1266222103
1.1277493960
1.1288777095
1.1300071518
1.1311377241
1.1322694276
1.1334022634
1.1345362325
1.1356713362
1.1368075756
1.1379449517
1.1390834659
1.1402231191
1.1413639125
1.1425058473
1.1436489245
1.1447931455
1.1459385112
1.1470850229
1.1482326816
1.1493814886
1.1505314450
1.1516825519
1.1528348105
1.1539882219
1.1551427873
1.1562985079
1.1574553847
1.1586134190
1.1597726119
1.1609329646
1.1620944783
1.1632571540
1.1644209930
1.1655859964
1.1667521653
1.1679195011
1.1690880047
1.1702576775
1.1714285205
1.1726005349
1.1737737219
1.1749480827
1.1761236185
1.1773003304
1.1784782195
1.1796572872
1.1808375345
1.1820189627
1.1832015728
1.1843853662
1.1855703440
1.1867565073
1.1879438574
1.1891323954
1.1903221226
1.1915130400
1.1927051490
1.1938984507
1.1950929463
1.1962886370
1.1974855240
1.1986836085
1.1998828916
1.2010833747
1.2022850588
1.2034879452
1.2046920351
1.2058973296
1.2071038301
1.2083115377
1.2095204536
1.2107305790
1.2119419152
1.2131544633
1.2143682245
1.2155832001
1.2167993913
1.2180167993
1.2192354253
1.2204552706
1.2216763363
1.2228986236
1.2241221339
1.2253468683
1.2265728281
1.2278000144
1.2290284285
1.2302580716
1.2314889450
1.2327210499
1.2339543876
1.2351889591
1.2364247659
1.2376618091
1.2389000899
1.2401396097
1.2413803696
1.2426223708
1.2438656147
1.2451101025
1.2463558353
1.2476028145
1.2488510414
1.2501005170
1.2513512428
1.2526032199
1.2538564497
1.2551109333
1.2563666720
1.2576236670
1.2588819197
1.2601414313
1.2614022030
1.2626642361
1.2639275319
1.2651920916
1.2664579165
1.2677250079
1.2689933669
1.2702629950
1.2715338933
1.2728060632
1.2740795059
1.2753542227
1.2766302148
1.2779074835
1.2791860302
1.2804658560
1.2817469623
1.2830293504
1.2843130214
1.2855979768
1.2868842178
1.2881717457
1.2894605617
1.2907506672
1.2920420635
1.2933347518
1.2946287334
1.2959240097
1.2972205819
1.2985184513
1.2998176192
1.3011180870
1.3024198558
1.3037229271
1.3050273021
1.3063329821
1.3076399685
1.3089482625
1.3102578655
1.3115687787
1.3128810035
1.3141945411
1.3155093930
1.3168255604
1.3181430445
1.3194618469
1.3207819687
1.3221034113
1.3234261759
1.3247502641
1.3260756769
1.3274024159
1.3287304822
1.3300598773
1.3313906024
1.3327226589
1.3340560481
1.3353907714
1.3367268301
1.3380642256
1.3394029590
1.3407430319
1.3420844455
1.3434272013
1.3447713004
1.3461167443
1.3474635343
1.3488116718
1.3501611581
1.3515119946
1.3528641826
1.3542177234
1.3555726185
1.3569288691
1.3582864767
1.3596454425
1.3610057680
1.3623674545
1.3637305034
1.3650949160
1.3664606936
1.3678278378
1.3691963498
1.3705662309
1.3719374827
1.3733101064
1.3746841034
1.3760594750
1.3774362228
1.3788143479
1.3801938519
1.3815747361
1.3829570019
1.3843406506
1.3857256836
1.3871121024
1.3884999083
1.3898891027
1.3912796870
1.3926716625
1.3940650307
1.3954597930
1.3968559508
1.3982535054
1.3996524583
1.4010528108
1.4024545644
1.4038577204
1.4052622803
1.4066682454
1.4080756172
1.4094843971
1.4108945865
1.4123061868
1.4137191993
1.4151336256
1.4165494671
1.4179667250
1.4193854010
1.4208054963
1.4222270125
1.4236499508
1.4250743128
1.4265000999
1.4279273135
1.4293559550
1.4307860259
1.4322175275
1.4336504614
1.4350848289
1.4365206316
1.4379578707
1.4393965478
1.4408366643
1.4422782216
1.4437212212
1.4451656645
1.4466115530
1.4480588881
1.4495076713
1.4509579039
1.4524095875
1.4538627236
1.4553173135
1.4567733587
1.4582308607
1.4596898209
1.4611502408
1.4626121219
1.4640754655
1.4655402733
1.4670065466
1.4684742869
1.4699434956
1.4714141744
1.4728863245
1.4743599475
1.4758350449
1.4773116181
1.4787896686
1.4802691979
1.4817502075
1.4832326988
1.4847166734
1.4862021327
1.4876890781
1.4891775113
1.4906674337
1.4921588467
1.4936517518
1.4951461507
1.4966420446
1.4981394353
1.4996383240
1.5011387124
1.5026406019
1.5041439941
1.5056488904
1.5071552924
1.5086632015
1.5101726193
1.5116835473
1.5131959869
1.5147099397
1.5162254073
1.5177423911
1.5192608926
1.5207809133
1.5223024549
1.5238255188
1.5253501064
1.5268762195
1.5284038594
1.5299330277
1.5314637260
1.5329959557
1.5345297184
1.5360650156
1.5376018489
1.5391402198
1.5406801299
1.5422215806
1.5437645736
1.5453091103
1.5468551923
1.5484028212
1.5499519985
1.5515027257
1.5530550044
1.5546088362
1.5561642226
1.5577211652
1.5592796655
1.5608397250
1.5624013454
1.5639645282
1.5655292750
1.5670955873
1.5686634667
1.5702329148
1.5718039331
1.5733765232
1.5749506866
1.5765264251
1.5781037400
1.5796826331
1.5812631058
1.5828451598
1.5844287966
1.5860140179
1.5876008252
1.5891892201
1.5907792042
1.5923707790
1.5939639463
1.5955587075
1.5971550642
1.5987530181
1.6003525708
1.6019537238
1.6035564788
1.6051608373
1.6067668010
1.6083743714
1.6099835503
1.6115943391
1.6132067395
1.6148207531
1.6164363815
1.6180536264
1.6196724893
1.6212929719
1.6229150758
1.6245388026
1.6261641539
1.6277911314
1.6294197367
1.6310499715
1.6326818372
1.6343153357
1.6359504684
1.6375872372
1.6392256435
1.6408656890
1.6425073754
1.6441507043
1.6457956773
1.6474422962
1.6490905625
1.6507404779
1.6523920440
1.6540452625
1.6557001351
1.6573566633
1.6590148489
1.6606746936
1.6623361989
1.6639993665
1.6656641982
1.6673306955
1.6689988601
1.6706686938
1.6723401981
1.6740133747
1.6756882254
1.6773647517
1.6790429554
1.6807228382
1.6824044017
1.6840876476
1.6857725775
1.6874591933
1.6891474965
1.6908374888
1.6925291720
1.6942225477
1.6959176177
1.6976143835
1.6993128470
1.7010130098
1.7027148736
1.7044184401
1.7061237110
1.7078306881
1.7095393730
1.7112497674
1.7129618731
1.7146756917
1.7163912250
1.7181084748
1.7198274426
1.7215481302
1.7232705394
1.7249946719
1.7267205293
1.7284481135
1.7301774261
1.7319084689
1.7336412436
1.7353757520
1.7371119957
1.7388499766
1.7405896963
1.7423311565
1.7440743592
1.7458193058
1.7475659983
1.7493144384
1.7510646278
1.7528165683
1.7545702615
1.7563257094
1.7580829135
1.7598418758
1.7616025979
1.7633650816
1.7651293286
1.7668953408
1.7686631199
1.7704326676
1.7722039858
1.7739770762
1.7757519406
1.7775285807
1.7793069983
1.7810871953
1.7828691733
1.7846529342
1.7864384798
1.7882258118
1.7900149320
1.7918058422
1.7935985443
1.7953930399
1.7971893309
1.7989874192
1.8007873064
1.8025889944
1.8043924850
1.8061977799
1.8080048811
1.8098137903
1.8116245093
1.8134370399
1.8152513840
1.8170675433
1.8188855197
1.8207053150
1.8225269309
1.8243503694
1.8261756323
1.8280027213
1.8298316383
1.8316623852
1.8334949637
1.8353293757
1.8371656231
1.8390037076
1.8408436311
1.8426853955
1.8445290025
1.8463744541
1.8482217520
1.8500708982
1.8519218944
1.8537747426
1.8556294445
1.8574860021
1.8593444172
1.8612046916
1.8630668272
1.8649308258
1.8667966894
1.8686644198
1.8705340189
1.8724054885
1.8742788305
1.8761540468
1.8780311392
1.8799101097
1.8817909601
1.8836736922
1.8855583081
1.8874448095
1.8893331983
1.8912234765
1.8931156459
1.8950097084
1.8969056660
1.8988035204
1.9007032736
1.9026049276
1.9045084841
1.9064139452
1.9083213126
1.9102305884
1.9121417745
1.9140548726
1.9159698848
1.9178868130
1.9198056591
1.9217264250
1.9236491126
1.9255737239
1.9275002607
1.9294287250
1.9313591188
1.9332914439
1.9352257023
1.9371618959
1.9391000267
1.9410400966
1.9429821076
1.9449260615
1.9468719604
1.9488198061
1.9507696006
1.9527213459
1.9546750440
1.9566306967
1.9585883060
1.9605478739
1.9625094024
1.9644728934
1.9664383489
1.9684057707
1.9703751611
1.9723465217
1.9743198548
1.9762951621
1.9782724457
1.9802517076
1.9822329498
1.9842161742
1.9862013828
1.9881885776
1.9901777606
1.9921689338
1.9941620992
1.9961572587
1.9981544144
2.0001535682
2.0021547222
2.0041578783
2.0061630386
2.0081702050
2.0101793797
2.0121905645
2.0142037615
2.0162189727
2.0182362001
2.0202554457
2.0222767116
2.0242999998
2.0263253123
2.0283526511
2.0303820183
2.0324134158
2.0344468458
2.0364823102
2.0385198111
2.0405593505
2.0426009305
2.0446445531
2.0466902203
2.0487379342
2.0507876968
2.0528395103
2.0548933765
2.0569492977
2.0590072758
2.0610673129
2.0631294111
2.0651935724
2.0672597990
2.0693280927
2.0713984558
2.0734708903
2.0755453983
2.0776219818
2.0797006430
2.0817813838
2.0838642064
2.0859491129
2.0880361053
2.0901251858
2.0922163564
2.0943096192
2.0964049763
2.0985024299
2.1006019819
2.1027036345
2.1048073899
2.1069132500
2.1090212171
2.1111312932
2.1132434804
2.1153577808
2.1174741966
2.1195927299
2.1217133828
2.1238361574
2.1259610558
2.1280880802
2.1302172327
2.1323485154
2.1344819304
2.1366174800
2.1387551661
2.1408949910
2.1430369568
2.1451810656
2.1473273196
2.1494757210
2.1516262718
2.1537789742
2.1559338305
2.1580908426
2.1602500129
2.1624113434
2.1645748363
2.1667404938
2.1689083180
2.1710783111
2.1732504753
2.1754248128
2.1776013257
2.1797800162
2.1819608864
2.1841439387
2.1863291750
2.1885165978
2.1907062090
2.1928980109
2.1950920057
2.1972881956
2.1994865828
2.2016871695
2.2038899579
2.2060949502
2.2083021486
2.2105115552
2.2127231724
2.2149370023
2.2171530471
2.2193713091
2.2215917905
2.2238144935
2.2260394202
2.2282665730
2.2304959541
2.2327275657
2.2349614100
2.2371974893
2.2394358057
2.2416763616
2.2439191592
2.2461642007
2.2484114883
2.2506610244
2.2529128111
2.2551668508
2.2574231456
2.2596816978
2.2619425097
2.2642055836
2.2664709217
2.2687385262
2.2710083995
2.2732805438
2.2755549613
2.2778316544
2.2801106254
2.2823918764
2.2846754099
2.2869612280
2.2892493331
2.2915397275
2.2938324133
2.2961273930
2.2984246689
2.3007242432
2.3030261181
2.3053302962
2.3076367795
2.3099455705
2.3122566714
2.3145700846
2.3168858124
2.3192038570
2.3215242208
2.3238469062
2.3261719154
2.3284992508
2.3308289147
2.3331609094
2.3354952373
2.3378319007
2.3401709019
2.3425122433
2.3448559271
2.3472019559
2.3495503318
2.3519010573
2.3542541347
2.3566095664
2.3589673547
2.3613275019
2.3636900104
2.3660548827
2.3684221210
2.3707917277
2.3731637052
2.3755380559
2.3779147822
2.3802938863
2.3826753707
2.3850592378
2.3874454900
2.3898341296
2.3922251590
2.3946185807
2.3970143970
2.3994126103
2.4018132230
2.4042162376
2.4066216563
2.4090294817
2.4114397161
2.4138523619
2.4162674216
2.4186848976
2.4211047922
2.4235271079
2.4259518472
2.4283790124
2.4308086061
2.4332406305
2.4356750881
2.4381119815
2.4405513129
2.4429930849
2.4454372999
2.4478839603
2.4503330686
2.4527846273
2.4552386387
2.4576951054
2.4601540297
2.4626154142
2.4650792614
2.4675455736
2.4700143533
2.4724856031
2.4749593254
2.4774355226
2.4799141972
2.4823953518
2.4848789888
2.4873651106
2.4898537198
2.4923448189
2.4948384103
2.4973344965
2.4998330801
2.5023341635
2.5048377493
2.5073438399
2.5098524378
2.5123635456
2.5148771657
2.5173933007
2.5199119532
2.5224331255
2.5249568203
2.5274830400
2.5300117872
2.5325430644
2.5350768741
2.5376132190
2.5401521014
2.5426935240
2.5452374893
2.5477839999
2.5503330582
2.5528846668
2.5554388284
2.5579955453
2.5605548203
2.5631166558
2.5656810545
2.5682480188
2.5708175514
2.5733896548
2.5759643315
2.5785415843
2.5811214156
2.5837038280
2.5862888241
2.5888764065
2.5914665778
2.5940593405
2.5966546973
2.5992526508
2.6018532035
2.6044563580
2.6070621170
2.6096704831
2.6122814589
2.6148950469
2.6175112498
2.6201300703
2.6227515109
2.6253755742
2.6280022629
2.6306315796
2.6332635269
2.6358981075
2.6385353240
2.6411751790
2.6438176753
2.6464628153
2.6491106018
2.6517610374
2.6544141247
2.6570698665
2.6597282653
2.6623893239
2.6650530449
2.6677194309
2.6703884846
2.6730602088
2.6757346059
2.6784116789
2.6810914302
2.6837738626
2.6864589788
2.6891467815
2.6918372733
2.6945304569
2.6972263351
2.6999249105
2.7026261858
2.7053301637
2.7080368470
2.7107462383
2.7134583404
2.7161731559
2.7188906876
2.7216109382
2.7243339104
2.7270596069
2.7297880305
2.7325191839
2.7352530698
2.7379896910
2.7407290501
2.7434711500
2.7462159933
2.7489635829
2.7517139214
2.7544670116
2.7572228563
2.7599814583
2.7627428202
2.7655069448
2.7682738350
2.7710434934
2.7738159229
2.7765911262
2.7793691061
2.7821498653
2.7849334067
2.7877197331
2.7905088471
2.7933007517
2.7960954496
2.7988929435
2.8016932364
2.8044963309
2.8073022300
2.8101109363
2.8129224528
2.8157367822
2.8185539273
2.8213738910
2.8241966760
2.8270222853
2.8298507215
2.8326819876
2.8355160864
2.8383530208
2.8411927934
2.8440354073
2.8468808652
2.8497291700
2.8525803245
2.8554343316
2.8582911941
2.8611509149
2.8640134969
2.8668789429
2.8697472557
2.8726184383
2.8754924936
2.8783694243
2.8812492334
2.8841319237
2.8870174982
2.8899059597
2.8927973111
2.8956915552
2.8985886951
2.9014887336
2.9043916736
2.9072975179
2.9102062696
2.9131179314
2.9160325064
2.9189499974
2.9218704074
2.9247937392
2.9277199958
2.9306491802
2.9335812952
2.9365163437
2.9394543288
2.9423952534
2.9453391203
2.9482859326
2.9512356932
2.9541884050
2.9571440710
2.9601026941
2.9630642773
2.9660288236
2.9689963360
2.9719668173
2.9749402706
2.9779166988
2.9808961050
2.9838784920
2.9868638630
2.9898522208
2.9928435684
2.9958379089
2.9988352452
3.0018355804
3.0048389174
3.0078452592
3.0108546089
3.0138669694
3.0168823438
3.0199007351
3.0229221463
3.0259465804
3.0289740405
3.0320045295
3.0350380506
3.0380746066
3.0411142008
3.0441568360
3.0472025155
3.0502512421
3.0533030190
3.0563578492
3.0594157357
3.0624766816
3.0655406901
3.0686077640
3.0716779066
3.0747511209
3.0778274099
3.0809067767
3.0839892245
3.0870747562
3.0901633750
3.0932550840
3.0963498862
3.0994477848
3.1025487828
3.1056528834
3.1087600896
3.1118704046
3.1149838315
3.1181003733
3.1212200332
3.1243428144
3.1274687199
3.1305977529
3.1337299165
3.1368652138
3.1400036479
3.1431452221
3.1462899394
3.1494378030
3.1525888161
3.1557429817
3.1589003031
3.1620607834
3.1652244257
3.1683912333
3.1715612092
3.1747343568
3.1779106790
3.1810901792
3.1842728604
3.1874587260
3.1906477789
3.1938400226
3.1970354601
3.2002340946
3.2034359293
3.2066409675
3.2098492123
3.2130606670
3.2162753347
3.2194932187
3.2227143222
3.2259386484
3.2291662006
3.2323969819
3.2356309956
3.2388682450
3.2421087332
3.2453524635
3.2485994392
3.2518496635
3.2551031396
3.2583598709
3.2616198605
3.2648831117
3.2681496278
3.2714194120
3.2746924677
3.2779687980
3.2812484064
3.2845312960
3.2878174701
3.2911069320
3.2943996850
3.2976957325
3.3009950776
3.3042977237
3.3076036741
3.3109129322
3.3142255011
3.3175413843
3.3208605850
3.3241831065
3.3275089523
3.3308381256
3.3341706297
3.3375064679
3.3408456437
3.3441881603
3.3475340211
3.3508832295
3.3542357887
3.3575917022
3.3609509732
3.3643136052
3.3676796016
3.3710489656
3.3744217006
3.3777978101
3.3811772974
3.3845601658
3.3879464188
3.3913360598
3.3947290921
3.3981255191
3.4015253443
3.4049285709
3.4083352025
3.4117452425
3.4151586942
3.4185755610
3.4219958464
3.4254195538
3.4288466867
3.4322772483
3.4357112423
3.4391486720
3.4425895408
3.4460338522
3.4494816096
3.4529328166
3.4563874764
3.4598455927
3.4633071688
3.4667722082
3.4702407143
3.4737126908
3.4771881409
3.4806670682
3.4841494762
3.4876353683
3.4911247481
3.4946176190
3.4981139845
3.5016138481
3.5051172133
3.5086240837
3.5121344627
3.5156483538
3.5191657606
3.5226866865
3.5262111351
3.5297391099
3.5332706145
3.5368056523
3.5403442270
3.5438863420
3.5474320008
3.5509812072
3.5545339644
3.5580902763
3.5616501462
3.5652135777
3.5687805745
3.5723511401
3.5759252780
3.5795029918
3.5830842852
3.5866691616
3.5902576247
3.5938496780
3.5974453252
3.6010445699
3.6046474156
3.6082538659
3.6118639245
3.6154775950
3.6190948809
3.6227157859
3.6263403137
3.6299684678
3.6336002518
3.6372356695
3.6408747244
3.6445174202
3.6481637604
3.6518137489
3.6554673892
3.6591246849
3.6627856397
3.6664502574
3.6701185415
3.6737904957
3.6774661237
3.6811454292
3.6848284158
3.6885150872
3.6922054472
3.6958994994
3.6995972474
3.7032986951
3.7070038460
3.7107127040
3.7144252727
3.7181415558
3.7218615570
3.7255852801
3.7293127288
3.7330439068
3.7367788179
3.7405174657
3.7442598541
3.7480059867
3.7517558673
3.7555094997
3.7592668876
3.7630280347
3.7667929449
3.7705616218
3.7743340694
3.7781102912
3.7818902912
3.7856740731
3.7894616406
3.7932529976
3.7970481479
3.8008470952
3.8046498433
3.8084563961
3.8122667574
3.8160809309
3.8198989205
3.8237207300
3.8275463633
3.8313758240
3.8352091162
3.8390462436
3.8428872100
3.8467320193
3.8505806753
3.8544331819
3.8582895429
3.8621497623
3.8660138437
3.8698817912
3.8737536086
3.8776292997
3.8815088685
3.8853923188
3.8892796544
3.8931708794
3.8970659975
3.9009650127
3.9048679288
3.9087747498
3.9126854796
3.9166001221
3.9205186812
3.9244411608
3.9283675648
3.9322978972
3.9362321619
3.9401703628
3.9441125039
3.9480585892
3.9520086224
3.9559626077
3.9599205490
3.9638824501
3.9678483152
3.9718181481
3.9757919528
3.9797697333
3.9837514936
3.9877372376
3.9917269694
3.9957206929
3.9997184121
4.0037201311
4.0077258537
4.0117355841
4.0157493262
4.0197670841
4.0237888617
4.0278146632
4.0318444924
4.0358783535
4.0399162505
4.0439581873
4.0480041682
4.0520541970
4.0561082779
4.0601664149
4.0642286121
4.0682948735
4.0723652032
4.0764396053
4.0805180838
4.0846006428
4.0886872864
4.0927780187
4.0968728438
4.1009717658
4.1050747887
4.1091819167
4.1132931539
4.1174085044
4.1215279723
4.1256515617
4.1297792768
4.1339111217
4.1380471004
4.1421872172
4.1463314762
4.1504798816
4.1546324374
4.1587891478
4.1629500171
4.1671150493
4.1712842486
4.1754576191
4.1796351652
4.1838168909
4.1880028004
4.1921928979
4.1963871876
4.2005856736
4.2047883603
4.2089952518
4.2132063522
4.2174216659
4.2216411969
4.2258649497
4.2300929283
4.2343251369
4.2385615799
4.2428022615
4.2470471859
4.2512963573
4.2555497800
4.2598074583
4.2640693963
4.2683355985
4.2726060690
4.2768808120
4.2811598320
4.2854431331
4.2897307197
4.2940225960
4.2983187663
4.3026192350
4.3069240062
4.3112330844
4.3155464738
4.3198641788
4.3241862036
4.3285125527
4.3328432302
4.3371782406
4.3415175881
4.3458612772
4.3502093121
4.3545616973
4.3589184370
4.3632795356
4.3676449975
4.3720148270
4.3763890286
4.3807676065
4.3851505653
4.3895379091
4.3939296426
4.3983257699
4.4027262956
4.4071312239
4.4115405595
4.4159543065
4.4203724696
4.4247950530
4.4292220611
4.4336534985
4.4380893696
4.4425296788
4.4469744305
4.4514236291
4.4558772792
4.4603353852
4.4647979514
4.4692649825
4.4737364829
4.4782124570
4.4826929093
4.4871778443
4.4916672665
4.4961611803
4.5006595904
4.5051625010
4.5096699169
4.5141818424
4.5186982820
4.5232192404
4.5277447220
4.5322747314
4.5368092730
4.5413483514
4.5458919712
4.5504401369
4.5549928530
4.5595501241
4.5641119548
4.5686783496
4.5732493130
4.5778248497
4.5824049642
4.5869896612
4.5915789451
4.5961728206
4.6007712923
4.6053743647
4.6099820425
4.6145943303
4.6192112327
4.6238327543
4.6284588998
4.6330896737
4.6377250807
4.6423651254
4.6470098125
4.6516591465
4.6563131323
4.6609717744
4.6656350774
4.6703030461
4.6749756850
4.6796529990
4.6843349926
4.6890216705
4.6937130375
4.6984090982
4.7031098573
4.7078153195
4.7125254895
4.7172403720
4.7219599718
4.7266842935
4.7314133420
4.7361471218
4.7408856378
4.7456288947
4.7503768972
4.7551296500
4.7598871580
4.7646494259
4.7694164585
4.7741882604
4.7789648366
4.7837461917
4.7885323306
4.7933232580
4.7981189787
4.8029194975
4.8077248193
4.8125349488
4.8173498908
4.8221696501
4.8269942317
4.8318236402
4.8366578806
4.8414969576
4.8463408761
4.8511896410
4.8560432570
4.8609017291
4.8657650621
4.8706332608
4.8755063302
4.8803842751
4.8852671004
4.8901548109
4.8950474117
4.8999449074
4.9048473031
4.9097546036
4.9146668139
4.9195839389
4.9245059835
4.9294329525
4.9343648510
4.9393016839
4.9442434560
4.9491901724
4.9541418380
4.9590984578
4.9640600366
4.9690265795
4.9739980914
4.9789745773
4.9839560422
4.9889424911
4.9939339289
4.9989303606
5.0039317912
5.0089382258
5.0139496694
5.0189661268
5.0239876033
5.0290141037
5.0340456332
5.0390821967
5.0441237992
5.0491704459
5.0542221418
5.0592788919
5.0643407013
5.0694075750
5.0744795181
5.0795565357
5.0846386329
5.0897258147
5.0948180862
5.0999154526
5.1050179188
5.1101254901
5.1152381715
5.1203559682
5.1254788852
5.1306069276
5.1357401007
5.1408784095
5.1460218592
5.1511704550
5.1563242019
5.1614831051
5.1666471698
5.1718164012
5.1769908043
5.1821703845
5.1873551468
5.1925450965
5.1977402388
5.2029405787
5.2081461216
5.2133568727
5.2185728371
5.2237940201
5.2290204269
5.2342520627
5.2394889328
5.2447310423
5.2499783966
5.2552310009
5.2604888604
5.2657519803
5.2710203661
5.2762940228
5.2815729559
5.2868571705
5.2921466720
5.2974414656
5.3027415567
5.3080469505
5.3133576524
5.3186736676
5.3239950015
5.3293216593
5.3346536466
5.3399909684
5.3453336303
5.3506816375
5.3560349953
5.3613937092
5.3667577845
5.3721272266
5.3775020408
5.3828822325
5.3882678070
5.3936587699
5.3990551264
5.4044568819
5.4098640419
5.4152766118
5.4206945970
5.4261180028
5.4315468348
5.4369810983
5.4424207988
5.4478659417
5.4533165325
5.4587725766
5.4642340795
5.4697010466
5.4751734834
5.4806513954
5.4861347880
5.4916236668
5.4971180372
5.5026179047
5.5081232748
5.5136341531
5.5191505449
5.5246724560
5.5301998917
5.5357328576
5.5412713593
5.5468154022
5.5523649919
5.5579201340
5.5634808340
5.5690470975
5.5746189301
5.5801963372
5.5857793246
5.5913678978
5.5969620623
5.6025618237
5.6081671878
5.6137781600
5.6193947460
5.6250169514
5.6306447818
5.6362782428
5.6419173401
5.6475620794
5.6532124662
5.6588685062
5.6645302051
5.6701975685
5.6758706021
5.6815493116
5.6872337026
5.6929237809
5.6986195521
5.7043210219
5.7100281960
5.7157410802
5.7214596801
5.7271840014
5.7329140500
5.7386498314
5.7443913516
5.7501386161
5.7558916307
5.7616504012
5.7674149334
5.7731852330
5.7789613058
5.7847431576
5.7905307941
5.7963242211
5.8021234444
5.8079284699
5.8137393033
5.8195559505
5.8253784172
5.8312067092
5.8370408325
5.8428807928
5.8487265960
5.8545782480
5.8604357545
5.8662991214
5.8721683547
5.8780434601
5.8839244436
5.8898113110
5.8957040682
5.9016027211
5.9075072756
5.9134177376
5.9193341130
5.9252564078
5.9311846278
5.9371187790
5.9430588673
5.9490048987
5.9549568791
5.9609148145
5.9668787107
5.9728485739
5.9788244099
5.9848062247
5.9907940243
5.9967878147
6.0027876019
6.0087933919
6.0148051907
6.0208230043
6.0268468387
6.0328767000
6.0389125942
6.0449545272
6.0510025052
6.0570565342
6.0631166203
6.0691827695
6.0752549879
6.0813332815
6.0874176565
6.0935081188
6.0996046747
6.1057073302
6.1118160914
6.1179309644
6.1240519554
6.1301790704
6.1363123156
6.1424516971
6.1485972210
6.1547488936
6.1609067209
6.1670707091
6.1732408643
6.1794171928
6.1855997008
6.1917883943
6.1979832796
6.2041843629
6.2103916504
6.2166051483
6.2228248628
6.2290508001
6.2352829665
6.2415213681
6.2477660113
6.2540169022
6.2602740472
6.2665374524
6.2728071242
6.2790830687
6.2853652924
6.2916538014
6.2979486021
6.3042497007
6.3105571036
6.3168708170
6.3231908473
6.3295172008
6.3358498838
6.3421889027
6.3485342638
6.3548859734
6.3612440378
6.3676084635
6.3739792569
6.3803564242
6.3867399719
6.3931299063
6.3995262338
6.4059289609
6.4123380939
6.4187536392
6.4251756033
6.4316039925
6.4380388134
6.4444800723
6.4509277757
6.4573819300
6.4638425417
6.4703096172
6.4767831631
6.4832631857
6.4897496916
6.4962426873
6.5027421792
6.5092481738
6.5157606777
6.5222796973
6.5288052392
6.5353373100
6.5418759160
6.5484210640
6.5549727604
6.5615310117
6.5680958246
6.5746672055
6.5812451612
6.5878296980
6.5944208228
6.6010185419
6.6076228620
6.6142337898
6.6208513318
6.6274754947
6.6341062850
6.6407437095
6.6473877747
6.6540384872
6.6606958538
6.6673598812
6.6740305758
6.6807079445
6.6873919939
6.6940827308
6.7007801616
6.7074842933
6.7141951325
6.7209126858
6.7276369601
6.7343679620
6.7411056982
6.7478501756
6.7546014008
6.7613593807
6.7681241219
6.7748956312
6.7816739154
6.7884589813
6.7952508356
6.8020494852
6.8088549368
6.8156671973
6.8224862735
6.8293121722
6.8361449001
6.8429844642
6.8498308713
6.8566841283
6.8635442419
6.8704112190
6.8772850666
6.8841657915
6.8910534005
6.8979479006
6.9048492986
6.9117576015
6.9186728161
6.9255949494
6.9325240083
6.9394599997
6.9464029306
6.9533528079
6.9603096385
6.9672734295
6.9742441877
6.9812219202
6.9882066339
6.9951983358
7.0021970329
7.0092027322
7.0162154407
7.0232351654
7.0302619134
7.0372956916
7.0443365071
7.0513843669
7.0584392782
7.0655012478
7.0725702830
7.0796463908
7.0867295782
7.0938198523
7.1009172202
7.1080216891
7.1151332660
7.1222519580
7.1293777723
7.1365107159
7.1436507961
7.1507980199
7.1579523945
7.1651139271
7.1722826247
7.1794584947
7.1866415441
7.1938317802
7.2010292101
7.2082338410
7.2154456802
7.2226647348
7.2298910120
7.2371245192
7.2443652635
7.2516132522
7.2588684924
7.2661309916
7.2734007568
7.2806777955
7.2879621148
7.2952537222
7.3025526247
7.3098588298
7.3171723448
7.3244931770
7.3318213336
7.3391568221
7.3464996497
7.3538498238
7.3612073518
7.3685722410
7.3759444987
7.3833241324
7.3907111495
7.3981055572
7.4055073630
7.4129165744
7.4203331987
7.4277572433
7.4351887156
7.4426276232
7.4500739733
7.4575277736
7.4649890314
7.4724577541
7.4799339494
7.4874176245
7.4949087871
7.5024074446
7.5099136045
7.5174272743
7.5249484616
7.5324771738
7.5400134184
7.5475572031
7.5551085353
7.5626674227
7.5702338727
7.5778078930
7.5853894910
7.5929786745
7.6005754509
7.6081798279
7.6157918131
7.6234114141
7.6310386385
7.6386734939
7.6463159880
7.6539661284
7.6616239228
7.6692893788
7.6769625041
7.6846433064
7.6923317933
7.7000279725
7.7077318518
7.7154434388
7.7231627412
7.7308897669
7.7386245234
7.7463670185
7.7541172600
7.7618752556
7.7696410131
7.7774145402
7.7851958447
7.7929849345
7.8007818172
7.8085865007
7.8163989928
7.8242193013
7.8320474340
7.8398833988
7.8477272034
7.8555788558
7.8634383638
7.8713057352
7.8791809779
7.8870640997
7.8949551087
7.9028540126
7.9107608193
7.9186755369
7.9265981731
7.9345287359
7.9424672332
7.9504136730
7.9583680632
7.9663304117
7.9743007266
7.9822790159
7.9902652873
7.9982595491
8.0062618091
8.0142720754
8.0222903559
8.0303166588
8.0383509919
8.0463933634
8.0544437813
8.0625022537
8.0705687885
8.0786433939
8.0867260780
8.0948168488
8.1029157144
8.1110226829
8.1191377625
8.1272609612
8.1353922871
8.1435317484
8.1516793533
8.1598351099
8.1679990262
8.1761711106
8.1843513712
8.1925398161
8.2007364536
8.2089412917
8.2171543389
8.2253756032
8.2336050928
8.2418428161
8.2500887812
8.2583429964
8.2666054699
8.2748762101
8.2831552251
8.2914425233
8.2997381129
8.3080420023
8.3163541997
8.3246747135
8.3330035519
8.3413407234
8.3496862361
8.3580400986
8.3664023191
8.3747729060
8.3831518677
8.3915392126
8.3999349489
8.4083390853
8.4167516299
8.4251725913
8.4336019779
8.4420397981
8.4504860603
8.4589407730
8.4674039447
8.4758755837
8.4843556987
8.4928442980
8.5013413901
8.5098469836
8.5183610869
8.5268837086
8.5354148572
8.5439545411
8.5525027691
8.5610595495
8.5696248910
8.5781988022
8.5867812915
8.5953723676
8.6039720391
8.6125803146
8.6211972026
8.6298227118
8.6384568509
8.6470996284
8.6557510530
8.6644111334
8.6730798782
8.6817572961
8.6904433957
8.6991381857
8.7078416750
8.7165538720
8.7252747856
8.7340044245
8.7427427974
8.7514899130
8.7602457801
8.7690104075
8.7777838038
8.7865659780
8.7953569387
8.8041566948
8.8129652550
8.8217826283
8.8306088232
8.8394438488
8.8482877139
8.8571404272
8.8660019977
8.8748724342
8.8837517455
8.8926399406
8.9015370284
8.9104430176
8.9193579174
8.9282817365
8.9372144838
8.9461561684
8.9551067991
8.9640663850
8.9730349349
8.9820124578
8.9909989628
8.9999944588
9.0089989547
9.0180124597
9.0270349826
9.0360665326
9.0451071187
9.0541567499
9.0632154352
9.0722831838
9.0813600046
9.0904459068
9.0995408995
9.1086449917
9.1177581925
9.1268805111
9.1360119566
9.1451525380
9.1543022647
9.1634611456
9.1726291900
9.1818064071
9.1909928059
9.2001883957
9.2093931858
9.2186071852
9.2278304032
9.2370628491
9.2463045320
9.2555554612
9.2648156460
9.2740850956
9.2833638193
9.2926518263
9.3019491260
9.3112557277
9.3205716406
9.3298968740
9.3392314374
9.3485753400
9.3579285912
9.3672912003
9.3766631767
9.3860445298
9.3954352689
9.4048354035
9.4142449429
9.4236638965
9.4330922738
9.4425300842
9.4519773371
9.4614340420
9.4709002084
9.4803758456
9.4898609632
9.4993555707
9.5088596775
9.5183732932
9.5278964273
9.5374290892
9.5469712886
9.5565230350
9.5660843379
9.5756552069
9.5852356515
9.5948256814
9.6044253061
9.6140345352
9.6236533783
9.6332818451
9.6429199452
9.6525676882
9.6622250838
9.6718921416
9.6815688713
9.6912552826
9.7009513851
9.7106571886
9.7203727027
9.7300979372
9.7398329019
9.7495776063
9.7593320603
9.7690962737
9.7788702561
9.7886540174
9.7984475674
9.8082509158
9.8180640725
9.8278870473
9.8377198499
9.8475624902
9.8574149781
9.8672773235
9.8771495361
9.8870316258
9.8969236026
9.9068254763
9.9167372569
9.9266589542
9.9365905781
9.9465321386
9.9564836457
9.9664451092
9.9764165392
9.9863979456
9.9963893385
10.0063907277
10.0164021232
10.0264235352
10.0364549737
10.0464964485
10.0565479699
10.0666095478
10.0766811923
10.0867629136
10.0968547215
10.1069566264
10.1170686382
10.1271907670
10.1373230231
10.1474654164
10.1576179573
10.1677806557
10.1779535220
10.1881365662
10.1983297985
10.2085332292
10.2187468684
10.2289707263
10.2392048132
10.2494491394
10.2597037149
10.2699685502
10.2802436554
10.2905290409
10.3008247170
10.3111306938
10.3214469818
10.3317735912
10.3421105324
10.3524578157
10.3628154515
10.3731834501
10.3835618218
10.3939505772
10.4043497265
10.4147592801
10.4251792485
10.4356096421
10.4460504713
10.4565017465
10.4669634782
10.4774356769
10.4879183531
10.4984115171
10.5089151796
10.5194293510
10.5299540418
10.5404892626
10.5510350239
10.5615913362
10.5721582101
10.5827356561
10.5933236849
10.6039223070
10.6145315330
10.6251513736
10.6357818393
10.6464229408
10.6570746888
10.6677370938
10.6784101665
10.6890939177
10.6997883579
10.7104934979
10.7212093485
10.7319359202
10.7426732239
10.7534212702
10.7641800700
10.7749496340
10.7857299729
10.7965210975
10.8073230187
10.8181357471
10.8289592938
10.8397936693
10.8506388847
10.8614949507
10.8723618782
10.8832396781
10.8941283612
10.9050279385
10.9159384207
10.9268598189
10.9377921440
10.9487354069
10.9596896185
10.9706547898
10.9816309317
10.9926180553
11.0036161715
11.0146252913
11.0256454257
11.0366765858
11.0477187826
11.0587720271
11.0698363303
11.0809117034
11.0919981574
11.1030957034
11.1142043525
11.1253241158
11.1364550045
11.1475970295
11.1587502022
11.1699145337
11.1810900350
11.1922767175
11.2034745922
11.2146836704
11.2259039633
11.2371354821
11.2483782380
11.2596322423
11.2708975062
11.2821740410
11.2934618581
11.3047609685
11.3160713838
11.3273931151
11.3387261738
11.3500705712
11.3614263187
11.3727934276
11.3841719093
11.3955617752
11.4069630367
11.4183757051
11.4297997919
11.4412353085
11.4526822663
11.4641406768
11.4756105515
11.4870919018
11.4985847391
11.5100890751
11.5216049211
11.5331322888
11.5446711895
11.5562216350
11.5677836367
11.5793572061
11.5909423549
11.6025390947
11.6141474370
11.6257673934
11.6373989757
11.6490421953
11.6606970639
11.6723635933
11.6840417950
11.6957316808
11.7074332623
11.7191465512
11.7308715593
11.7426082982
11.7543567798
11.7661170157
11.7778890177
11.7896727977
11.8014683673
11.8132757383
11.8250949227
11.8369259321
11.8487687785
11.8606234736
11.8724900294
11.8843684576
11.8962587703
11.9081609791
11.9200750962
11.9320011333
11.9439391024
11.9558890155
11.9678508844
11.9798247212
11.9918105379
12.0038083463
12.0158181586
12.0278399866
12.0398738425
12.0519197383
12.0639776860
12.0760476977
12.0881297855
12.1002239613
12.1123302374
12.1244486258
12.1365791387
12.1487217882
12.1608765863
12.1730435454
12.1852226775
12.1974139948
12.2096175095
12.2218332339
12.2340611801
12.2463013603
12.2585537869
12.2708184720
12.2830954279
12.2953846669
12.3076862013
12.3200000434
12.3323262055
12.3446647000
12.3570155390
12.3693787352
12.3817543006
12.3941422479
12.4065425893
12.4189553372
12.4313805041
12.4438181023
12.4562681444
12.4687306428
12.4812056099
12.4936930582
12.5061930002
12.5187054483
12.5312304152
12.5437679133
12.5563179552
12.5688805534
12.5814557205
12.5940434691
12.6066438117
12.6192567609
12.6318823294
12.6445205298
12.6571713747
12.6698348767
12.6825110486
12.6951999031
12.7079014527
12.7206157102
12.7333426883
12.7460823998
12.7588348574
12.7716000738
12.7843780618
12.7971688342
12.8099724037
12.8227887832
12.8356179856
12.8484600235
12.8613149099
12.8741826576
12.8870632795
12.8999567884
12.9128631974
12.9257825191
12.9387147667
12.9516599530
12.9646180909
12.9775891935
12.9905732736
13.0035703444
13.0165804187
13.0296035095
13.0426396300
13.0556887932
13.0687510120
13.0818262995
13.0949146689
13.1080161332
13.1211307056
13.1342583990
13.1473992267
13.1605532019
13.1737203375
13.1869006469
13.2000941432
13.2133008396
13.2265207493
13.2397538855
13.2530002615
13.2662598904
13.2795327857
13.2928189604
13.3061184280
13.3194312017
13.3327572949
13.3460967208
13.3594494928
13.3728156242
13.3861951285
13.3995880189
13.4129943090
13.4264140120
13.4398471415
13.4532937108
13.4667537334
13.4802272227
13.4937141923
13.5072146556
13.5207286261
13.5342561174
13.5477971429
13.5613517162
13.5749198508
13.5885015604
13.6020968585
13.6157057586
13.6293282745
13.6429644197
13.6566142079
13.6702776527
13.6839547678
13.6976455668
13.7113500635
13.7250682715
13.7388002046
13.7525458765
13.7663053009
13.7800784917
13.7938654625
13.8076662272
13.8214807996
13.8353091934
13.8491514226
13.8630075009
13.8768774422
13.8907612604
13.9046589693
13.9185705829
13.9324961151
13.9464355798
13.9603889909
13.9743563625
13.9883377083
14.0023330425
14.0163423791
14.0303657320
14.0444031152
14.0584545429
14.0725200290
14.0865995876
14.1006932329
14.1148009788
14.1289228395
14.1430588292
14.1572089619
14.1713732518
14.1855517131
14.1997443600
14.2139512066
14.2281722671
14.2424075558
14.2566570870
14.2709208748
14.2851989335
14.2994912774
14.3137979208
14.3281188780
14.3424541633
14.3568037911
14.3711677757
14.3855461315
14.3999388728
14.4143460140
14.4287675696
14.4432035539
14.4576539815
14.4721188667
14.4865982241
14.5010920680
14.5156004130
14.5301232737
14.5446606644
14.5592125998
14.5737790945
14.5883601629
14.6029558197
14.6175660794
14.6321909567
14.6468304662
14.6614846225
14.6761534403
14.6908369343
14.7055351191
14.7202480094
14.7349756200
14.7497179656
14.7644750608
14.7792469206
14.7940335596
14.8088349927
14.8236512345
14.8384823001
14.8533282041
14.8681889614
14.8830645870
14.8979550956
14.9128605021
14.9277808215
14.9427160687
14.9576662586
14.9726314062
14.9876115264
15.0026066343
15.0176167447
15.0326418728
15.0476820335
15.0627372419
15.0778075130
15.0928928619
15.1079933037
15.1231088535
15.1382395265
15.1533853376
15.1685463022
15.1837224353
15.1989137521
15.2141202679
15.2293419977
15.2445789569
15.2598311607
15.2750986244
15.2903813631
15.3056793922
15.3209927270
15.3363213827
15.3516653748
15.3670247186
15.3823994294
15.3977895226
15.4131950136
15.4286159177
15.4440522505
15.4595040274
15.4749712638
15.4904539751
15.5059521769
15.5214658846
15.5369951138
15.5525398800
15.5681001988
15.5836760856
15.5992675561
15.6148746259
15.6304973106
15.6461356257
15.6617895870
15.6774592101
15.6931445107
15.7088455044
15.7245622069
15.7402946340
15.7560428014
15.7718067249
15.7875864201
15.8033819030
15.8191931892
15.8350202946
15.8508632351
15.8667220264
15.8825966844
15.8984872251
15.9143936642
15.9303160177
15.9462543015
15.9622085316
15.9781787239
15.9941648944
16.0101670590
16.0261852338
16.0422194348
16.0582696780
16.0743359795
16.0904183554
16.1065168216
16.1226313944
16.1387620898
16.1549089239
16.1710719130
16.1872510731
16.2034464205
16.2196579714
16.2358857419
16.2521297483
16.2683900068
16.2846665337
16.3009593453
16.3172684578
16.3335938877
16.3499356511
16.3662937644
16.3826682440
16.3990591063
16.4154663677
16.4318900446
16.4483301533
16.4647867103
16.4812597322
16.4977492353
16.5142552362
16.5307777513
16.5473167972
16.5638723904
16.5804445475
16.5970332850
16.6136386196
16.6302605678
16.6468991463
16.6635543716
16.6802262605
16.6969148297
16.7136200958
16.7303420755
16.7470807855
16.7638362426
16.7806084636
16.7973974651
16.8142032641
16.8310258773
16.8478653215
16.8647216135
16.8815947703
16.8984848087
16.9153917456
16.9323155978
16.9492563824
16.9662141162
16.9831888163
17.0001804995
17.0171891829
17.0342148836
17.0512576184
17.0683174045
17.0853942589
17.1024881987
17.1195992410
17.1367274029
17.1538727015
17.1710351540
17.1882147775
17.2054115893
17.2226256064
17.2398568462
17.2571053259
17.2743710626
17.2916540738
17.3089543765
17.3262719883
17.3436069263
17.3609592079
17.3783288505
17.3957158714
17.4131202880
17.4305421178
17.4479813781
17.4654380864
17.4829122601
17.5004039167
17.5179130737
17.5354397487
17.5529839591
17.5705457225
17.5881250564
17.6057219784
17.6233365062
17.6409686573
17.6586184494
17.6762859001
17.6939710271
17.7116738481
17.7293943807
17.7471326427
17.7648886519
17.7826624259
17.8004539827
17.8182633398
17.8360905153
17.8539355268
17.8717983923
17.8896791296
17.9075777565
17.9254942910
17.9434287511
17.9613811545
17.9793515194
17.9973398636
18.0153462051
18.0333705620
18.0514129522
18.0694733939
18.0875519050
18.1056485037
18.1237632081
18.1418960362
18.1600470062
18.1782161362
18.1964034445
18.2146089492
18.2328326685
18.2510746206
18.2693348238
18.2876132963
18.3059100565
18.3242251226
18.3425585129
18.3609102457
18.3792803395
18.3976688125
18.4160756832
18.4345009700
18.4529446913
18.4714068655
18.4898875112
18.5083866467
18.5269042906
18.5454404615
18.5639951778
18.5825684580
18.6011603209
18.6197707849
18.6383998686
18.6570475908
18.6757139700
18.6943990250
18.7131027743
18.7318252368
18.7505664310
18.7693263759
18.7881050900
18.8069025923
18.8257189015
18.8445540364
18.8634080158
18.8822808587
18.9011725839
18.9200832102
18.9390127566
18.9579612420
18.9769286854
18.9959151057
19.0149205219
19.0339449531
19.0529884182
19.0720509363
19.0911325264
19.1102332077
19.1293529992
19.1484919200
19.1676499894
19.1868272264
19.2060236503
19.2252392801
19.2444741352
19.2637282348
19.2830015981
19.3022942444
19.3216061930
19.3409374632
19.3602880744
19.3796580458
19.3990473970
19.4184561471
19.4378843157
19.4573319222
19.4767989860
19.4962855267
19.5157915636
19.5353171163
19.5548622043
19.5744268472
19.5940110646
19.6136148759
19.6332383008
19.6528813590
19.6725440701
19.6922264537
19.7119285296
19.7316503174
19.7513918368
19.7711531076
19.7909341496
19.8107349825
19.8305556262
19.8503961004
19.8702564250
19.8901366198
19.9100367049
19.9299566999
19.9498966249
19.9698564998
19.9898363445
20.0098361791
20.0298560236
20.0498958979
20.0699558221
20.0900358162
20.1101359004
20.1302560947
20.1503964193
20.1705568943
20.1907375398
20.2109383761
20.2311594233
20.2514007016
20.2716622314
20.2919440329
20.3122461263
20.3325685319
20.3529112701
20.3732743612
20.3936578256
20.4140616837
20.4344859558
20.4549306624
20.4753958239
20.4958814609
20.5163875937
20.5369142429
20.5574614290
20.5780291726
20.5986174942
20.6192264144
20.6398559539
20.6605061332
20.6811769731
20.7018684941
20.7225807169
20.7433136624
20.7640673512
20.7848418040
20.8056370417
20.8264530850
20.8472899548
20.8681476719
20.8890262571
20.9099257314
20.9308461156
20.9517874306
20.9727496974
20.9937329370
21.0147371703
21.0357624183
21.0568087021
21.0778760427
21.0989644612
21.1200739787
21.1412046162
21.1623563950
21.1835293361
21.2047234607
21.2259387901
21.2471753453
21.2684331478
21.2897122187
21.3110125794
21.3323342510
21.3536772550
21.3750416126
21.3964273453
21.4178344744
21.4392630214
21.4607130076
21.4821844546
21.5036773837
21.5251918165
21.5467277745
21.5682852792
21.5898643522
21.6114650151
21.6330872895
21.6547311969
21.6763967591
21.6980839977
21.7197929343
21.7415235908
21.7632759887
21.7850501500
21.8068460963
21.8286638495
21.8505034313
21.8723648636
21.8942481683
21.9161533672
21.9380804823
21.9600295355
21.9820005487
22.0039935439
22.0260085431
22.0480455684
22.0701046416
22.0921857850
22.1142890206
22.1364143704
22.1585618567
22.1807315015
22.2029233271
22.2251373556
22.2473736092
22.2696321102
22.2919128808
22.3142159434
22.3365413202
22.3588890335
22.3812591057
22.4036515591
22.4260664163
22.4485036994
22.4709634311
22.4934456338
22.5159503299
22.5384775420
22.5610272925
22.5835996041
22.6061944992
22.6288120006
22.6514521308
22.6741149124
22.6968003682
22.7195085207
22.7422393928
22.7649930071
22.7877693864
22.8105685534
22.8333905311
22.8562353421
22.8791030094
22.9019935558
22.9249070041
22.9478433774
22.9708026985
22.9937849905
23.0167902762
23.0398185787
23.0628699210
23.0859443262
23.1090418174
23.1321624175
23.1553061499
23.1784730376
23.2016631037
23.2248763715
23.2481128642
23.2713726050
23.2946556171
23.3179619240
23.3412915488
23.3646445148
23.3880208456
23.4114205643
23.4348436945
23.4582902595
23.4817602828
23.5052537879
23.5287707983
23.5523113374
23.5758754288
23.5994630961
23.6230743628
23.6467092527
23.6703677892
23.6940499961
23.7177558971
23.7414855158
23.7652388761
23.7890160015
23.8128169160
23.8366416433
23.8604902072
23.8843626316
23.9082589404
23.9321791575
23.9561233067
23.9800914121
24.0040834975
24.0280995871
24.0521397047
24.0762038745
24.1002921205
24.1244044668
24.1485409375
24.1727015567
24.1968863486
24.2210953375
24.2453285474
24.2695860026
24.2938677275
24.3181737462
24.3425040831
24.3668587625
24.3912378087
24.4156412462
24.4400690994
24.4645213926
24.4889981503
24.5134993970
24.5380251573
24.5625754555
24.5871503163
24.6117497643
24.6363738241
24.6610225202
24.6856958773
24.7103939202
24.7351166734
24.7598641618
24.7846364100
24.8094334428
24.8342552851
24.8591019617
24.8839734973
24.9088699170
24.9337912455
24.9587375078
24.9837087288
25.0087049336
25.0337261470
25.0587723942
25.0838437002
25.1089400900
25.1340615887
25.1592082215
25.1843800135
25.2095769899
25.2347991759
25.2600465967
25.2853192775
25.3106172437
25.3359405204
25.3612891332
25.3866631072
25.4120624678
25.4374872406
25.4629374508
25.4884131240
25.5139142855
25.5394409610
25.5649931760
25.5905709559
25.6161743264
25.6418033131
25.6674579416
25.6931382375
25.7188442266
25.7445759346
25.7703333871
25.7961166099
25.8219256289
25.8477604698
25.8736211584
25.8995077207
25.9254201825
25.9513585697
25.9773229083
26.0033132242
26.0293295434
26.0553718920
26.0814402959
26.1075347812
26.1336553741
26.1598021007
26.1859749871
26.2121740594
26.2383993439
26.2646508668
26.2909286544
26.3172327329
26.3435631286
26.3699198679
26.3963029772
26.4227124827
26.4491484109
26.4756107883
26.5020996413
26.5286149964
26.5551568802
26.5817253191
26.6083203397
26.6349419686
26.6615902325
26.6882651579
26.7149667717
26.7416951004
26.7684501708
26.7952320097
26.8220406438
26.8488760999
26.8757384049
26.9026275857
26.9295436690
26.9564866820
26.9834566514
27.0104536043
27.0374775676
27.0645285684
27.0916066337
27.1187117907
27.1458440664
27.1730034879
27.2001900824
27.2274038771
27.2546448992
27.2819131760
27.3092087347
27.3365316026
27.3638818070
27.3912593753
27.4186643349
27.4460967131
27.4735565374
27.5010438353
27.5285586343
27.5561009618
27.5836708454
27.6112683127
27.6388933912
27.6665461087
27.6942264926
27.7219345709
27.7496703710
27.7774339209
27.8052252481
27.8330443806
27.8608913462
27.8887661726
27.9166688878
27.9445995197
27.9725580962
28.0005446452
28.0285591948
28.0566017729
28.0846724077
28.1127711271
28.1408979593
28.1690529324
28.1972360745
28.2254474139
28.2536869788
28.2819547973
28.3102508978
28.3385753085
28.3669280579
28.3953091741
28.4237186857
28.4521566210
28.4806230084
28.5091178765
28.5376412536
28.5661931685
28.5947736495
28.6233827253
28.6520204245
28.6806867757
28.7093818076
28.7381055489
28.7668580283
28.7956392745
28.8244493164
28.8532881828
28.8821559024
28.9110525042
28.9399780170
28.9689324699
28.9979158916
29.0269283113
29.0559697579
29.0850402605
29.1141398482
29.1432685499
29.1724263950
29.2016134124
29.2308296315
29.2600750814
29.2893497914
29.3186537908
29.3479871088
29.3773497748
29.4067418181
29.4361632682
29.4656141545
29.4950945063
29.5246043533
29.5541437249
29.5837126506
29.6133111601
29.6429392828
29.6725970485
29.7022844868
29.7320016274
29.7617485000
29.7915251343
29.8213315601
29.8511678073
29.8810339057
29.9109298851
29.9408557755
29.9708116066
30.0007974087
30.0308132115
30.0608590451
30.0909349396
30.1210409250
30.1511770315
30.1813432891
30.2115397281
30.2417663786
30.2720232709
30.3023104353
30.3326279019
30.3629757012
30.3933538634
30.4237624190
30.4542013984
30.4846708320
30.5151707502
30.5457011836
30.5762621628
30.6068537182
30.6374758804
30.6681286801
30.6988121480
30.7295263147
30.7602712109
30.7910468673
30.8218533148
30.8526905842
30.8835587063
30.9144577119
30.9453876320
30.9763484975
31.0073403393
31.0383631885
31.0694170761
31.1005020330
31.1316180905
31.1627652796
31.1939436314
31.2251531772
31.2563939482
31.2876659756
31.3189692906
31.3503039246
31.3816699089
31.4130672748
31.4444960539
31.4759562774
31.5074479769
31.5389711839
31.5705259298
31.6021122463
31.6337301648
31.6653797171
31.6970609348
31.7287738496
31.7605184931
31.7922948971
31.8241030935
31.8559431139
31.8878149903
31.9197187545
31.9516544385
31.9836220741
32.0156216933
32.0476533281
32.0797170106
32.1118127728
32.1439406469
32.1761006648
32.2082928589
32.2405172613
32.2727739042
32.3050628199
32.3373840406
32.3697375987
32.4021235266
32.4345418566
32.4669926211
32.4994758526
32.5319915836
32.5645398466
32.5971206742
32.6297340989
32.6623801533
32.6950588700
32.7277702819
32.7605144215
32.7932913217
32.8261010151
32.8589435346
32.8918189131
32.9247271834
32.9576683784
32.9906425311
33.0236496745
33.0566898415
33.0897630652
33.1228693787
33.1560088150
33.1891814073
33.2223871889
33.2556261928
33.2888984523
33.3222040008
33.3555428714
33.3889150976
33.4223207128
33.4557597502
33.4892322434
33.5227382259
33.5562777310
33.5898507925
33.6234574438
33.6570977186
33.6907716505
33.7244792731
33.7582206203
33.7919957256
33.8258046230
33.8596473461
33.8935239289
33.9274344053
33.9613788091
33.9953571742
34.0293695347
34.0634159246
34.0974963779
34.1316109288
34.1657596112
34.1999424594
34.2341595075
34.2684107898
34.3026963405
34.3370161939
34.3713703843
34.4057589461
34.4401819137
34.4746393214
34.5091312038
34.5436575953
34.5782185305
34.6128140439
34.6474441701
34.6821089438
34.7168083996
34.7515425722
34.7863114963
34.8211152068
34.8559537383
34.8908271259
34.9257354042
34.9606786083
34.9956567731
35.0306699335
35.0657181246
35.1008013814
35.1359197391
35.1710732326
35.2062618973
35.2414857682
35.2767448805
35.3120392697
35.3473689708
35.3827340194
35.4181344507
35.4535703001
35.4890416031
35.5245483951
35.5600907117
35.5956685884
35.6312820608
35.6669311644
35.7026159350
35.7383364082
35.7740926197
35.8098846053
35.8457124009
35.8815760421
35.9174755649
35.9534110052
35.9893823989
36.0253897820
36.0614331905
36.0975126604
36.1336282278
36.1697799289
36.2059677997
36.2421918765
36.2784521955
36.3147487930
36.3510817052
36.3874509685
36.4238566193
36.4602986939
36.4967772288
36.5332922605
36.5698438255
36.6064319604
36.6430567017
36.6797180860
36.7164161500
36.7531509305
36.7899224642
36.8267307877
36.8635759380
36.9004579519
36.9373768662
36.9743327179
37.0113255440
37.0483553813
37.0854222671
37.1225262382
37.1596673319
37.1968455853
37.2340610355
37.2713137198
37.3086036753
37.3459309395
37.3832955497
37.4206975431
37.4581369572
37.4956138295
37.5331281974
37.5706800984
37.6082695701
37.6458966501
37.6835613759
37.7212637854
37.7590039161
37.7967818058
37.8345974923
37.8724510134
37.9103424069
37.9482717108
37.9862389630
38.0242442014
38.0622874641
38.1003687890
38.1384882144
38.1766457782
38.2148415186
38.2530754740
38.2913476823
38.3296581821
38.3680070115
38.4063942089
38.4448198127
38.4832838613
38.5217863932
38.5603274469
38.5989070610
38.6375252739
38.6761821244
38.7148776511
38.7536118926
38.7923848878
38.8311966753
38.8700472941
38.9089367829
38.9478651806
38.9868325262
39.0258388586
39.0648842169
39.1039686401
39.1430921672
39.1822548375
39.2214566900
39.2606977639
39.2999780986
39.3392977332
39.3786567072
39.4180550598
39.4574928304
39.4969700586
39.5364867837
39.5760430453
39.6156388830
39.6552743363
39.6949494449
39.7346642484
39.7744187866
39.8142130992
39.8540472261
39.8939212070
39.9338350818
39.9737888904
40.0137826729
40.0538164691
40.0938903192
40.1340042631
40.1741583411
40.2143525932
40.2545870597
40.2948617807
40.3351767966
40.3755321478
40.4159278744
40.4563640170
40.4968406159
40.5373577117
40.5779153448
40.6185135559
40.6591523855
40.6998318742
40.7405520628
40.7813129919
40.8221147024
40.8629572349
40.9038406305
40.9447649298
40.9857301740
41.0267364038
41.0677836605
41.1088719848
41.1500014181
41.1911720014
41.2323837759
41.2736367827
41.3149310632
41.3562666586
41.3976436103
41.4390619596
41.4805217480
41.5220230169
41.5635658079
41.6051501624
41.6467761221
41.6884437285
41.7301530234
41.7719040485
41.8136968454
41.8555314561
41.8974079223
41.9393262859
41.9812865888
42.0232888731
42.0653331806
42.1074195534
42.1495480337
42.1917186636
42.2339314851
42.2761865406
42.3184838723
42.3608235225
42.4032055334
42.4456299477
42.4880968075
42.5306061554
42.5731580340
42.6157524857
42.6583895531
42.7010692790
42.7437917059
42.7865568767
42.8293648339
42.8722156206
42.9151092795
42.9580458535
43.0010253855
43.0440479186
43.0871134957
43.1302221599
43.1733739544
43.2165689222
43.2598071066
43.3030885508
43.3464132982
43.3897813919
43.4331928754
43.4766477921
43.5201461855
43.5636880990
43.6072735762
43.6509026607
43.6945753961
43.7382918260
43.7820519943
43.8258559446
43.8697037208
43.9135953667
43.9575309261
44.0015104432
44.0455339617
44.0896015258
44.1337131794
44.1778689668
44.2220689321
44.2663131194
44.3106015731
44.3549343373
44.3993114565
44.4437329751
44.4881989373
44.5327093878
44.5772643709
44.6218639314
44.6665081137
44.7111969625
44.7559305225
44.8007088384
44.8455319551
44.8903999173
44.9353127699
44.9802705578
45.0252733260
45.0703211195
45.1154139832
45.1605519625
45.2057351022
45.2509634477
45.2962370442
45.3415559369
45.3869201712
45.4323297924
45.4777848459
45.5232853772
45.5688314318
45.6144230553
45.6600602931
45.7057431911
45.7514717948
45.7972461499
45.8430663023
45.8889322978
45.9348441822
45.9808020015
46.0268058015
46.0728556284
46.1189515281
46.1650935468
46.2112817306
46.2575161257
46.3037967783
46.3501237347
46.3964970412
46.4429167442
46.4893828902
46.5358955255
46.5824546967
46.6290604504
46.6757128332
46.7224118916
46.7691576725
46.8159502226
46.8627895886
46.9096758174
46.9566089558
47.0035890509
47.0506161496
47.0976902989
47.1448115459
47.1919799377
47.2391955215
47.2864583445
47.3337684540
47.3811258972
47.4285307215
47.4759829744
47.5234827033
47.5710299557
47.6186247791
47.6662672211
47.7139573294
47.7616951517
47.8094807356
47.8573141291
47.9051953798
47.9531245358
48.0011016449
48.0491267551
48.0971999144
48.1453211709
48.1934905728
48.2417081681
48.2899740052
48.3382881322
48.3866505976
48.4350614496
48.4835207366
48.5320285072
48.5805848098
48.6291896930
48.6778432054
48.7265453956
48.7752963124
48.8240960045
48.8729445207
48.9218419098
48.9707882208
49.0197835026
49.0688278042
49.1179211746
49.1670636629
49.2162553183
49.2654961899
49.3147863271
49.3641257790
49.4135145951
49.4629528247
49.5124405172
49.5619777222
49.6115644892
49.6612008677
49.7108869075
49.7606226581
49.8104081694
49.8602434910
49.9101286730
49.9600637650
