# wavelength_um  flux
2.9951368688e-01 7.7770096737e-14
3.0071174162e-01 2.6447500989e-12
3.0191458859e-01 4.2041671180e-12
3.0312224694e-01 3.9720491804e-13
3.0433473593e-01 1.7708832109e-12
3.0555207488e-01 1.6412154058e-11
3.0677428318e-01 2.9194497852e-11
3.0800138031e-01 2.2018711375e-11
3.0923338583e-01 3.5226076989e-12
3.1047031937e-01 7.7413252086e-14
3.1171220065e-01 1.0832642819e-11
3.1295904945e-01 4.9598482929e-11
3.1421088565e-01 8.3041861229e-11
3.1546772919e-01 9.5515664628e-11
3.1672960011e-01 8.8311167043e-11
3.1799651851e-01 6.5746702062e-11
3.1926850458e-01 3.4144989753e-11
3.2054557860e-01 6.5224922532e-12
3.2182776092e-01 4.0444360106e-14
3.2311507196e-01 4.0430889987e-12
3.2440753225e-01 6.9055061043e-12
3.2570516238e-01 3.1870522765e-12
3.2700798303e-01 6.9132678453e-13
3.2831601496e-01 5.3111901090e-14
3.2962927902e-01 3.6340682569e-16
3.3094779614e-01 1.7605857432e-16
3.3227158732e-01 4.5773028052e-14
3.3360067367e-01 7.8155088654e-13
3.3493507636e-01 4.5576694414e-12
3.3627481667e-01 1.5002407537e-11
3.3761991594e-01 3.3816110403e-11
3.3897039560e-01 5.4742041587e-11
3.4032627718e-01 6.0466860141e-11
3.4168758229e-01 3.5999213152e-11
3.4305433262e-01 5.1815432173e-12
3.4442654995e-01 4.0220561999e-14
3.4580425615e-01 1.1990706055e-12
3.4718747318e-01 3.0686400460e-11
3.4857622307e-01 1.4897588034e-10
3.4997052796e-01 3.7066768792e-10
3.5137041007e-01 6.7239025309e-10
3.5277589171e-01 1.0285103258e-09
3.5418699528e-01 1.4233450171e-09
3.5560374326e-01 1.8423804276e-09
3.5702615823e-01 2.2734595102e-09
3.5845426287e-01 2.7099006117e-09
3.5988807992e-01 3.1402425498e-09
3.6132763224e-01 3.5567676380e-09
3.6277294277e-01 3.9523760762e-09
3.6422403454e-01 4.3198193851e-09
3.6568093068e-01 4.6481110012e-09
3.6714365440e-01 4.9309513251e-09
3.6861222902e-01 5.1639345036e-09
3.7008667793e-01 5.3386957170e-09
3.7156702464e-01 5.4503448664e-09
3.7305329274e-01 5.4968510414e-09
3.7454550591e-01 5.4712618477e-09
3.7604368794e-01 5.3710987086e-09
3.7754786269e-01 5.1965061315e-09
3.7905805414e-01 4.9494315693e-09
3.8057428636e-01 4.6336738456e-09
3.8209658350e-01 4.2550997119e-09
3.8362496984e-01 3.8225935128e-09
3.8515946971e-01 3.3478305821e-09
3.8670010759e-01 2.8456569761e-09
3.8824690802e-01 2.3332080856e-09
3.8979989566e-01 1.8303681867e-09
3.9135909524e-01 1.3585477068e-09
3.9292453162e-01 9.3909957594e-10
3.9449622975e-01 5.9087127500e-10
3.9607421467e-01 3.2684672870e-10
3.9765851152e-01 1.5025192679e-10
3.9924914557e-01 5.1916582935e-11
4.0084614215e-01 1.0986595505e-11
4.0244952672e-01 8.6627160159e-13
4.0405932483e-01 4.5689320028e-15
4.0567556213e-01 4.0030650364e-14
4.0729826438e-01 2.5450412331e-12
4.0892745743e-01 2.3765621438e-11
4.1056316726e-01 1.0007578369e-10
4.1220541993e-01 2.7744269876e-10
4.1385424161e-01 5.9704221082e-10
4.1550965858e-01 1.0832919205e-09
4.1717169721e-01 1.7073532101e-09
4.1884038400e-01 2.4306900319e-09
4.2051574554e-01 3.2960116079e-09
4.2219780852e-01 4.1059563251e-09
4.2388659975e-01 5.1903516887e-09
4.2558214615e-01 6.5573864951e-09
4.2728447474e-01 7.3204890346e-09
4.2899361264e-01 8.7414855996e-09
4.3070958709e-01 9.8027653318e-09
4.3243242543e-01 7.9782546285e-09
4.3416215514e-01 1.0940621412e-08
4.3589880376e-01 1.3042970550e-08
4.3764239897e-01 1.2641500630e-08
4.3939296857e-01 7.8220989527e-09
4.4115054044e-01 1.3672459190e-08
4.4291514260e-01 1.5912138663e-08
4.4468680317e-01 1.7621221652e-08
4.4646555039e-01 1.7485336390e-08
4.4825141259e-01 1.4248521123e-08
4.5004441824e-01 7.2848390224e-09
4.5184459591e-01 1.6250083585e-08
4.5365197430e-01 1.8544664721e-08
4.5546658219e-01 1.9634732471e-08
4.5728844852e-01 2.1078586573e-08
4.5911760232e-01 2.1166774194e-08
4.6095407272e-01 2.0655028588e-08
4.6279788902e-01 1.6819089334e-08
4.6464908057e-01 1.1974653383e-08
4.6650767689e-01 8.8750474025e-09
4.6837370760e-01 1.3981546401e-08
4.7024720243e-01 1.5545771222e-08
4.7212819124e-01 1.3492138189e-08
4.7401670401e-01 1.3119891285e-08
4.7591277082e-01 1.1638842598e-08
4.7781642191e-01 1.4566828502e-08
4.7972768759e-01 1.0348377975e-08
4.8164659834e-01 1.3901254894e-08
4.8357318474e-01 1.5775715512e-08
4.8550747748e-01 1.0551770437e-08
4.8744950739e-01 9.9503303981e-09
4.8939930542e-01 1.4288515446e-08
4.9135690264e-01 1.3071766733e-08
4.9332233025e-01 1.0644138283e-08
4.9529561957e-01 7.0609836545e-09
4.9727680205e-01 5.7413074262e-09
4.9926590926e-01 4.4223305515e-09
5.0126297289e-01 3.2501742986e-09
5.0326802478e-01 2.1686147320e-09
5.0528109688e-01 1.2757304353e-09
5.0730222127e-01 6.4684054182e-10
5.0933143016e-01 2.9966207812e-10
5.1136875588e-01 1.3780928235e-10
5.1341423090e-01 6.0266361975e-11
5.1546788782e-01 3.2603622359e-11
5.1752975937e-01 2.2846479802e-11
5.1959987841e-01 1.9479167933e-11
5.2167827793e-01 1.8558267489e-11
5.2376499104e-01 1.6882717214e-11
5.2586005100e-01 1.3608990234e-11
5.2796349121e-01 1.1346912077e-11
5.3007534517e-01 1.0495340548e-11
5.3219564655e-01 9.3203909615e-12
5.3432442914e-01 7.3870162494e-12
5.3646172685e-01 6.0986819146e-12
5.3860757376e-01 5.4569248068e-12
5.4076200406e-01 4.2979927024e-12
5.4292505207e-01 3.5049061925e-12
5.4509675228e-01 2.9451378417e-12
5.4727713929e-01 2.4642368717e-12
5.4946624785e-01 1.9260355445e-12
5.5166411284e-01 1.5846898935e-12
5.5387076929e-01 1.3341676413e-12
5.5608625237e-01 1.0673224469e-12
5.5831059738e-01 8.6128439417e-13
5.6054383977e-01 6.8421291798e-13
5.6278601513e-01 5.3517985582e-13
5.6503715919e-01 4.2609915432e-13
5.6729730782e-01 3.4092111842e-13
5.6956649705e-01 2.6265750916e-13
5.7184476304e-01 1.8306880382e-13
5.7413214209e-01 1.1956228125e-13
5.7642867066e-01 7.6170810493e-14
5.7873438535e-01 4.6700720450e-14
5.8104932289e-01 2.0589298262e-14
5.8337352018e-01 7.7300558427e-15
5.8570701426e-01 2.1550932797e-15
5.8804984232e-01 1.2328120972e-16
5.9040204169e-01 8.9845338579e-17
5.9276364985e-01 7.2013824999e-15
5.9513470445e-01 3.4702681206e-14
5.9751524327e-01 1.0840272360e-13
5.9990530424e-01 2.3797285961e-13
6.0230492546e-01 4.0853646988e-13
6.0471414516e-01 6.9815661322e-13
6.0713300174e-01 1.1892845266e-12
6.0956153375e-01 1.9496766827e-12
6.1199977988e-01 2.9332906889e-12
6.1444777900e-01 4.1948866035e-12
6.1690557012e-01 6.3356580838e-12
6.1937319240e-01 9.1426203817e-12
6.2185068517e-01 1.2185666380e-11
6.2433808791e-01 1.6174171133e-11
6.2683544026e-01 2.1484813577e-11
6.2934278202e-01 2.8786830602e-11
6.3186015315e-01 3.7011621550e-11
6.3438759376e-01 4.7086441104e-11
6.3692514414e-01 6.1038897627e-11
6.3947284472e-01 7.7782576543e-11
6.4203073609e-01 9.7458620183e-11
6.4459885904e-01 1.1745379295e-10
6.4717725447e-01 1.4075657744e-10
6.4976596349e-01 1.6972718978e-10
6.5236502735e-01 2.0263753032e-10
6.5497448746e-01 2.4475823554e-10
6.5759438541e-01 2.9925211857e-10
6.6022476295e-01 3.6133185032e-10
6.6286566200e-01 4.2123296739e-10
6.6551712465e-01 4.7869302537e-10
6.6817919315e-01 5.2069776025e-10
6.7085190992e-01 5.2050354731e-10
6.7353531756e-01 5.2951702120e-10
6.7622945883e-01 4.6344322250e-10
6.7893437666e-01 3.4332596859e-10
6.8165011417e-01 2.1795290338e-10
6.8437671463e-01 1.2434775050e-10
6.8711422149e-01 6.6590234592e-11
6.8986267837e-01 3.9169515241e-11
6.9262212908e-01 2.4905523012e-11
6.9539261760e-01 1.9500385055e-11
6.9817418807e-01 1.7240284291e-11
7.0096688482e-01 1.8358288194e-11
7.0377075236e-01 1.8435793413e-11
7.0658583537e-01 1.7669928885e-11
7.0941217871e-01 1.7095862883e-11
7.1224982743e-01 1.6468359462e-11
7.1509882674e-01 1.5171944763e-11
7.1795922205e-01 1.3417589602e-11
7.2083105893e-01 1.2085290391e-11
7.2371438317e-01 1.0395947842e-11
7.2660924070e-01 8.5939145941e-12
7.2951567766e-01 7.2184617966e-12
7.3243374038e-01 6.0949473823e-12
7.3536347534e-01 5.0876691343e-12
7.3830492924e-01 4.1773598564e-12
7.4125814896e-01 3.1690525057e-12
7.4422318155e-01 2.3783973361e-12
7.4720007428e-01 1.8383791613e-12
7.5018887457e-01 1.3647997637e-12
7.5318963007e-01 8.6448146952e-13
7.5620238859e-01 5.6386925930e-13
7.5922719815e-01 3.9182852236e-13
7.6226410694e-01 1.3241914826e-13
7.6531316337e-01 7.6772891506e-15
7.6837441602e-01 2.3635357341e-15
7.7144791369e-01 4.0113958853e-14
7.7453370534e-01 5.4819733052e-13
7.7763184016e-01 1.3603713464e-12
7.8074236752e-01 2.3984258852e-12
7.8386533699e-01 3.9741260888e-12
7.8700079834e-01 6.3109147818e-12
7.9014880153e-01 9.5385831806e-12
7.9330939674e-01 1.3589921693e-11
7.9648263433e-01 1.9037916979e-11
7.9966856486e-01 2.5829400699e-11
8.0286723912e-01 3.3940290609e-11
8.0607870808e-01 4.3919379138e-11
8.0930302291e-01 5.6142813116e-11
8.1254023500e-01 6.9997259830e-11
8.1579039594e-01 8.7104150000e-11
8.1905355753e-01 1.1059566037e-10
8.2232977176e-01 1.3648627884e-10
8.2561909084e-01 1.6978837893e-10
8.2892156721e-01 2.0410973061e-10
8.3223725348e-01 2.4098902352e-10
8.3556620249e-01 2.7881929375e-10
8.3890846730e-01 3.2348409065e-10
8.4226410117e-01 3.8011132808e-10
8.4563315757e-01 4.5042407890e-10
8.4901569020e-01 5.2818422740e-10
8.5241175297e-01 6.0860159515e-10
8.5582139998e-01 7.0162051549e-10
8.5924468558e-01 8.0437718803e-10
8.6268166432e-01 9.0418974290e-10
8.6613239098e-01 1.0195251422e-09
8.6959692054e-01 1.1621621383e-09
8.7307530822e-01 1.2903168727e-09
8.7656760946e-01 1.3897495405e-09
8.8007387989e-01 1.5122087296e-09
8.8359417541e-01 1.7225517404e-09
8.8712855212e-01 1.8848898126e-09
8.9067706632e-01 1.9966226036e-09
8.9423977459e-01 2.1444456866e-09
8.9781673369e-01 2.4431214581e-09
9.0140800062e-01 2.8289356333e-09
9.0501363262e-01 3.1987924889e-09
9.0863368715e-01 3.5358230795e-09
9.1226822190e-01 3.8838179362e-09
9.1591729479e-01 4.2366019483e-09
9.1958096397e-01 4.6213087293e-09
9.2325928783e-01 4.9597549041e-09
9.2695232498e-01 4.1028775259e-09
9.3066013428e-01 3.6774794924e-09
9.3438277481e-01 4.1285754308e-09
9.3812030591e-01 5.3579371783e-09
9.4187278714e-01 6.4392664590e-09
9.4564027829e-01 6.7215394261e-09
9.4942283940e-01 6.9601596068e-09
9.5322053076e-01 7.8648312665e-09
9.5703341288e-01 7.7769227850e-09
9.6086154653e-01 8.1172830226e-09
9.6470499272e-01 9.4248122289e-09
9.6856381269e-01 1.0249754992e-08
9.7243806794e-01 1.0836506681e-08
9.7632782021e-01 1.0907801780e-08
9.8023313149e-01 1.1025384438e-08
9.8415406402e-01 1.1832958612e-08
9.8809068027e-01 1.2813345159e-08
9.9204304299e-01 1.3626476208e-08
9.9601121517e-01 1.4658438459e-08
9.9999526003e-01 1.4739282652e-08
1.0039952411e+00 1.4354645351e-08
1.0080112220e+00 1.2601585718e-08
1.0120432669e+00 1.0529659839e-08
1.0160914400e+00 8.2773486231e-09
1.0201558057e+00 9.7520065733e-09
1.0242364290e+00 1.1641039882e-08
1.0283333747e+00 1.3308238960e-08
1.0324467082e+00 1.1158630534e-08
1.0365764950e+00 1.2057246295e-08
1.0407228010e+00 1.3357934126e-08
1.0448856922e+00 1.5052323941e-08
1.0490652350e+00 1.6594741445e-08
1.0532614959e+00 1.9092475483e-08
1.0574745419e+00 2.1537561934e-08
1.0617044401e+00 2.3329180848e-08
1.0659512578e+00 2.5158664399e-08
1.0702150629e+00 2.6549353827e-08
1.0744959231e+00 2.9064720477e-08
1.0787939068e+00 3.1707968950e-08
1.0831090824e+00 3.4038517678e-08
1.0874415188e+00 3.2677445298e-08
1.0917912848e+00 2.8627456171e-08
1.0961584500e+00 2.4695205259e-08
1.1005430838e+00 2.2294909893e-08
1.1049452561e+00 1.9510084080e-08
1.1093650371e+00 1.4520546116e-08
1.1138024973e+00 1.2816024282e-08
1.1182577073e+00 9.9326582497e-09
1.1227307381e+00 1.1979787709e-08
1.1272216610e+00 1.3966615792e-08
1.1317305477e+00 1.2458758081e-08
1.1362574699e+00 8.7148476086e-09
1.1408024998e+00 1.1269389003e-08
1.1453657098e+00 8.8200206125e-09
1.1499471726e+00 9.7322033625e-09
1.1545469613e+00 8.6174205321e-09
1.1591651491e+00 8.7034575690e-09
1.1638018097e+00 7.7176852420e-09
1.1684570170e+00 6.5501299937e-09
1.1731308450e+00 7.6786858180e-09
1.1778233684e+00 6.7561775152e-09
1.1825346619e+00 7.1899522139e-09
1.1872648005e+00 6.3416645835e-09
1.1920138597e+00 6.1190888018e-09
1.1967819152e+00 6.0579193676e-09
1.2015690428e+00 6.2690627987e-09
1.2063753190e+00 7.3009507230e-09
1.2112008203e+00 7.5106557099e-09
1.2160456236e+00 8.0765538196e-09
1.2209098061e+00 8.3690135434e-09
1.2257934453e+00 8.7780620648e-09
1.2306966191e+00 9.7981484993e-09
1.2356194055e+00 1.0888769741e-08
1.2405618832e+00 1.1688437716e-08
1.2455241307e+00 1.1823840027e-08
1.2505062272e+00 1.2639436117e-08
1.2555082521e+00 1.4765538355e-08
1.2605302851e+00 1.7657247636e-08
1.2655724063e+00 1.9365641295e-08
1.2706346959e+00 1.8637291907e-08
1.2757172347e+00 1.4995721352e-08
1.2808201036e+00 1.1677817808e-08
1.2859433840e+00 9.8470304252e-09
1.2910871576e+00 1.0193946646e-08
1.2962515062e+00 1.0464918900e-08
1.3014365122e+00 9.6980037401e-09
1.3066422583e+00 8.8146252963e-09
1.3118688273e+00 7.6461167703e-09
1.3171163026e+00 6.9350138456e-09
1.3223847678e+00 7.0129026618e-09
1.3276743069e+00 6.2881345203e-09
1.3329850041e+00 3.3292606418e-09
1.3383169442e+00 2.3311133701e-09
1.3436702119e+00 2.1194264358e-09
1.3490448928e+00 1.6416098848e-09
1.3544410723e+00 1.2987271991e-09
1.3598588366e+00 1.1167391236e-09
1.3652982720e+00 1.7577345981e-09
1.3707594651e+00 1.6211779603e-09
1.3762425029e+00 1.9822909181e-09
1.3817474729e+00 2.0424905183e-09
1.3872744628e+00 1.9918495395e-09
1.3928235607e+00 1.8971416308e-09
1.3983948549e+00 1.7167120805e-09
1.4039884343e+00 2.0944379131e-09
1.4096043881e+00 1.5471363267e-09
1.4152428056e+00 1.7728687838e-09
1.4209037769e+00 1.5255617959e-09
1.4265873920e+00 1.4465494924e-09
1.4322937415e+00 1.8632082694e-09
1.4380229165e+00 1.9006522315e-09
1.4437750082e+00 1.9647518007e-09
1.4495501082e+00 2.2150456924e-09
1.4553483086e+00 1.8700333229e-09
1.4611697019e+00 1.2896984468e-09
1.4670143807e+00 8.5668303221e-10
1.4728824382e+00 6.4984018683e-10
1.4787739680e+00 7.6651655685e-10
1.4846890638e+00 9.3231851802e-10
1.4906278201e+00 1.0217434433e-09
1.4965903314e+00 1.0337679564e-09
1.5025766927e+00 1.0644666176e-09
1.5085869995e+00 8.8208883568e-10
1.5146213475e+00 7.4547653036e-10
1.5206798328e+00 9.3265562332e-10
1.5267625522e+00 9.5847236245e-10
1.5328696024e+00 1.2137985971e-09
1.5390010808e+00 1.3345578712e-09
1.5451570851e+00 1.6390337858e-09
1.5513377135e+00 1.7607203411e-09
1.5575430643e+00 2.2085941570e-09
1.5637732366e+00 2.6079157534e-09
1.5700283295e+00 3.4956351677e-09
1.5763084428e+00 3.9660276104e-09
1.5826136766e+00 4.8031063579e-09
1.5889441313e+00 5.5561352651e-09
1.5952999078e+00 6.0075678922e-09
1.6016811075e+00 5.8390905388e-09
1.6080878319e+00 5.0871657142e-09
1.6145201832e+00 4.2063734943e-09
1.6209782640e+00 3.5543149121e-09
1.6274621770e+00 3.3348566453e-09
1.6339720257e+00 3.3214502210e-09
1.6405079138e+00 3.6112804717e-09
1.6470699455e+00 3.9177853956e-09
1.6536582253e+00 4.2662752287e-09
1.6602728582e+00 4.2459860756e-09
1.6669139496e+00 3.1816900186e-09
1.6735816054e+00 2.2182575230e-09
1.6802759318e+00 3.6491378695e-09
1.6869970355e+00 4.0560445991e-09
1.6937450237e+00 3.5933971264e-09
1.7005200038e+00 3.2347163010e-09
1.7073220838e+00 3.2252981960e-09
1.7141513721e+00 3.7722542598e-09
1.7210079776e+00 4.6109414103e-09
1.7278920095e+00 4.7118294912e-09
1.7348035776e+00 4.3919000730e-09
1.7417427919e+00 4.4680606659e-09
1.7487097630e+00 4.6602455695e-09
1.7557046021e+00 4.6821120887e-09
1.7627274205e+00 5.1326895929e-09
1.7697783302e+00 4.4970814598e-09
1.7768574435e+00 4.6089831557e-09
1.7839648733e+00 4.1401287610e-09
1.7911007328e+00 4.1418772357e-09
1.7982651357e+00 3.9955853235e-09
1.8054581962e+00 3.4656282385e-09
1.8126800290e+00 4.2052626759e-09
1.8199307491e+00 3.5612545601e-09
1.8272104721e+00 4.4992964437e-09
1.8345193140e+00 3.5563008164e-09
1.8418573913e+00 3.9293848048e-09
1.8492248209e+00 3.4011552275e-09
1.8566217201e+00 2.7354879311e-09
1.8640482070e+00 2.4980111593e-09
1.8715043998e+00 2.3537011946e-09
1.8789904174e+00 2.6350274045e-09
1.8865063791e+00 2.4944451121e-09
1.8940524046e+00 2.1614098868e-09
1.9016286143e+00 1.6410844331e-09
1.9092351287e+00 1.4551035237e-09
1.9168720692e+00 1.2205420029e-09
1.9245395575e+00 1.0122101739e-09
1.9322377157e+00 9.3174847878e-10
1.9399666666e+00 8.6478155830e-10
1.9477265333e+00 9.3488883953e-10
1.9555174394e+00 9.0245171088e-10
1.9633395092e+00 1.0143058096e-09
1.9711928672e+00 1.0095829781e-09
1.9790776387e+00 1.0640268302e-09
1.9869939492e+00 1.2107488105e-09
1.9949419250e+00 1.3161691190e-09
2.0029216927e+00 1.5389978605e-09
2.0109333795e+00 1.6159787509e-09
2.0189771130e+00 1.3167002319e-09
2.0270530214e+00 1.4868920265e-09
2.0351612335e+00 1.7011897009e-09
2.0433018785e+00 1.8232763840e-09
2.0514750860e+00 2.1532187435e-09
2.0596809863e+00 2.4880936740e-09
2.0679197103e+00 2.9819715475e-09
2.0761913891e+00 3.4900167448e-09
2.0844961547e+00 3.9763139445e-09
2.0928341393e+00 4.5695335743e-09
2.1012054758e+00 4.9645538781e-09
2.1096102977e+00 5.4312074523e-09
2.1180487389e+00 5.6605560135e-09
2.1265209339e+00 5.6115098270e-09
2.1350270176e+00 4.9677808518e-09
2.1435671257e+00 4.3860293730e-09
2.1521413942e+00 3.4993239436e-09
2.1607499598e+00 2.8893668792e-09
2.1693929596e+00 2.3743521363e-09
2.1780705315e+00 1.9043398858e-09
2.1867828136e+00 1.6982437415e-09
2.1955299448e+00 1.1937332032e-09
2.2043120646e+00 8.5390984698e-10
2.2131293129e+00 1.0613034969e-09
2.2219818301e+00 1.1417358890e-09
2.2308697574e+00 1.0096974416e-09
2.2397932365e+00 9.2128652205e-10
2.2487524094e+00 8.0814953622e-10
2.2577474191e+00 6.8663446038e-10
2.2667784087e+00 7.0899235680e-10
2.2758455224e+00 6.5035176154e-10
2.2849489045e+00 6.1330977125e-10
2.2940887001e+00 5.8027736030e-10
2.3032650549e+00 6.9909460501e-10
2.3124781151e+00 8.9332523749e-10
2.3217280276e+00 5.2948430238e-10
2.3310149397e+00 5.2081230106e-10
2.3403389994e+00 5.9936259218e-10
2.3497003554e+00 6.3490111740e-10
2.3590991568e+00 7.5412710242e-10
2.3685355535e+00 7.2766981848e-10
2.3780096957e+00 6.6605896549e-10
2.3875217345e+00 7.6741201499e-10
2.3970718214e+00 8.9636912879e-10
2.4066601087e+00 1.0893641656e-09
2.4162867491e+00 1.2185740034e-09
2.4259518961e+00 1.2110014871e-09
2.4356557037e+00 1.2943484668e-09
2.4453983265e+00 1.3996456737e-09
2.4551799198e+00 1.5062445062e-09
2.4650006395e+00 1.6050601087e-09
2.4748606421e+00 1.5961785462e-09
2.4847600846e+00 1.7383720212e-09
2.4946991250e+00 1.8478911116e-09
2.5046779215e+00 1.9762898723e-09
2.5146966332e+00 1.8882567582e-09
2.5247554197e+00 2.0440042957e-09
2.5348544414e+00 2.0382739256e-09
2.5449938591e+00 2.0367703809e-09
2.5551738346e+00 2.1960277343e-09
2.5653945299e+00 1.6736943702e-09
2.5756561080e+00 2.2827561514e-09
2.5859587325e+00 1.8941708999e-09
2.5963025674e+00 1.8840095387e-09
2.6066877777e+00 2.0269537550e-09
2.6171145288e+00 2.2425027820e-09
2.6275829869e+00 2.6965589771e-09
2.6380933188e+00 2.9778855781e-09
2.6486456921e+00 3.0104544643e-09
2.6592402749e+00 2.8517868584e-09
2.6698772360e+00 1.7425403499e-09
2.6805567449e+00 1.6871098040e-09
2.6912789719e+00 1.7590304173e-09
2.7020440878e+00 2.0994459598e-09
2.7128522641e+00 1.9505658321e-09
2.7237036732e+00 1.7738846815e-09
2.7345984879e+00 2.0349350769e-09
2.7455368818e+00 1.8618790971e-09
2.7565190294e+00 1.6019583754e-09
2.7675451055e+00 1.2707167515e-09
2.7786152859e+00 1.4118608710e-09
2.7897297471e+00 1.2646561623e-09
2.8008886660e+00 1.2265267699e-09
2.8120922207e+00 1.2749504586e-09
2.8233405896e+00 1.2030659818e-09
2.8346339520e+00 1.2156219501e-09
2.8459724878e+00 1.3525532677e-09
2.8573563777e+00 1.3246951169e-09
2.8687858032e+00 1.2469262843e-09
2.8802609464e+00 1.4610931589e-09
2.8917819902e+00 1.4154131990e-09
2.9033491182e+00 1.3258771640e-09
2.9149625147e+00 1.4375964545e-09
2.9266223647e+00 1.4256230530e-09
2.9383288542e+00 1.6610727721e-09
2.9500821696e+00 1.4398082540e-09
2.9618824983e+00 1.4873870257e-09
2.9737300283e+00 1.5896444580e-09
2.9856249484e+00 1.6051624556e-09
2.9975674482e+00 1.1992427331e-09
3.0095577180e+00 7.9504091949e-10
3.0215959488e+00 1.3576339239e-09
3.0336823326e+00 1.6182711566e-09
3.0458170620e+00 1.5607357804e-09
3.0580003302e+00 1.5722456649e-09
3.0702323315e+00 1.4388813484e-09
3.0825132608e+00 1.3953965115e-09
3.0948433139e+00 1.2237724291e-09
3.1072226871e+00 1.1783157394e-09
3.1196515779e+00 1.2165858382e-09
3.1321301842e+00 1.0868404211e-09
3.1446587049e+00 8.8946330948e-10
3.1572373398e+00 8.9595008930e-10
3.1698662891e+00 8.1808621069e-10
3.1825457543e+00 7.6496521018e-10
3.1952759373e+00 7.7822118680e-10
3.2080570410e+00 7.2069494661e-10
3.2208892692e+00 7.9911368048e-10
3.2337728263e+00 8.0466921736e-10
3.2467079176e+00 8.5484013230e-10
3.2596947493e+00 9.6449924783e-10
3.2727335283e+00 1.1179016417e-09
3.2858244624e+00 1.2534945136e-09
3.2989677602e+00 1.3328183323e-09
3.3121636313e+00 6.8019796340e-10
3.3254122858e+00 2.8067527766e-10
3.3387139349e+00 4.0929552058e-10
3.3520687907e+00 7.0753361297e-10
3.3654770658e+00 9.8015105715e-10
3.3789389741e+00 1.0852130314e-09
3.3924547300e+00 1.0537089272e-09
3.4060245489e+00 1.0161695571e-09
3.4196486471e+00 1.0069057301e-09
3.4333272417e+00 9.8337827338e-10
3.4470605507e+00 9.5125437785e-10
3.4608487929e+00 9.7236738165e-10
3.4746921880e+00 9.6053003261e-10
3.4885909568e+00 1.0455120062e-09
3.5025453206e+00 1.1210728490e-09
3.5165555019e+00 1.1902188173e-09
3.5306217239e+00 1.1951264887e-09
3.5447442108e+00 1.3092979713e-09
3.5589231876e+00 1.4315049922e-09
3.5731588804e+00 1.5046590432e-09
3.5874515159e+00 1.5778172405e-09
3.6018013220e+00 1.6143326016e-09
3.6162085273e+00 1.6865517300e-09
3.6306733614e+00 1.8371925441e-09
3.6451960548e+00 1.9825586988e-09
3.6597768390e+00 2.2447585021e-09
3.6744159464e+00 2.2716367681e-09
3.6891136102e+00 2.4673950504e-09
3.7038700646e+00 2.5146766981e-09
3.7186855449e+00 2.6434725416e-09
3.7335602871e+00 2.6451833525e-09
3.7484945282e+00 2.7555625176e-09
3.7634885063e+00 2.9139322111e-09
3.7785424604e+00 2.6669596913e-09
3.7936566302e+00 2.9491386835e-09
3.8088312567e+00 3.1459666114e-09
3.8240665817e+00 3.3138215902e-09
3.8393628481e+00 3.2696311065e-09
3.8547202995e+00 3.1572431192e-09
3.8701391807e+00 3.2713375267e-09
3.8856197374e+00 3.3631413204e-09
3.9011622163e+00 3.5027439686e-09
3.9167668652e+00 3.4979132033e-09
3.9324339327e+00 3.5809246362e-09
3.9481636684e+00 3.6430602218e-09
3.9639563231e+00 3.7124718742e-09
3.9798121484e+00 3.6277040188e-09
3.9957313969e+00 3.7680436933e-09
4.0117143225e+00 3.7596755591e-09
4.0277611798e+00 3.8366001530e-09
4.0438722245e+00 3.8109531292e-09
4.0600477134e+00 4.0391844541e-09
4.0762879043e+00 3.9693597408e-09
4.0925930559e+00 4.1950525300e-09
4.1089634281e+00 4.1402413290e-09
4.1253992818e+00 4.2661345843e-09
4.1419008790e+00 4.3474562676e-09
4.1584684825e+00 4.1887328795e-09
4.1751023564e+00 4.3885951430e-09
4.1918027658e+00 4.1299491755e-09
4.2085699769e+00 4.0792691071e-09
4.2254042568e+00 3.9421372303e-09
4.2423058738e+00 4.2347187777e-09
4.2592750973e+00 4.3104042071e-09
4.2763121977e+00 4.1961872527e-09
4.2934174465e+00 4.5555134355e-09
4.3105911163e+00 4.2539388469e-09
4.3278334808e+00 4.7664861544e-09
4.3451448147e+00 4.3042716011e-09
4.3625253940e+00 4.6822675613e-09
4.3799754955e+00 4.6190908307e-09
4.3974953975e+00 4.2876287660e-09
4.4150853791e+00 4.8373485235e-09
4.4327457206e+00 4.0446818441e-09
4.4504767035e+00 4.5527492708e-09
4.4682786103e+00 4.3322784107e-09
4.4861517248e+00 4.2918273064e-09
4.5040963317e+00 4.3655823676e-09
4.5221127170e+00 4.1393730973e-09
4.5402011679e+00 4.0713380795e-09
4.5583619725e+00 4.3380653782e-09
4.5765954204e+00 4.1791013928e-09
4.5949018021e+00 4.2789372760e-09
4.6132814093e+00 4.3539206222e-09
4.6317345349e+00 3.9243326365e-09
4.6502614731e+00 3.9588838986e-09
4.6688625190e+00 4.2351039581e-09
4.6875379690e+00 4.2088533555e-09
4.7062881209e+00 3.9619234318e-09
4.7251132734e+00 3.7878641071e-09
4.7440137265e+00 4.0757410940e-09
4.7629897814e+00 3.7977400438e-09
4.7820417405e+00 3.2281299969e-09
4.8011699075e+00 3.8049878935e-09
4.8203745871e+00 3.3089238583e-09
4.8396560855e+00 3.2767456583e-09
4.8590147098e+00 3.4437524184e-09
4.8784507687e+00 3.1607861055e-09
4.8979645717e+00 3.1648873720e-09
4.9175564300e+00 3.1458712775e-09
4.9372266557e+00 2.9003241899e-09
4.9569755624e+00 2.6505315048e-09
4.9768034646e+00 2.8258067259e-09
4.9967106785e+00 2.7458058796e-09
5.0166975212e+00 2.3080026975e-09
5.0367643113e+00 2.4871095483e-09
5.0569113685e+00 2.3662178816e-09
5.0771390140e+00 2.2486058383e-09
5.0974475700e+00 2.3101515009e-09
5.1178373603e+00 2.1159618898e-09
5.1383087098e+00 1.8116526239e-09
5.1588619446e+00 1.9387819562e-09
5.1794973924e+00 1.9490089172e-09
5.2002153819e+00 1.8363898265e-09
5.2210162435e+00 1.6939384792e-09
5.2419003085e+00 1.8814136075e-09
5.2628679097e+00 1.7734885574e-09
5.2839193813e+00 1.5523980714e-09
5.3050550588e+00 1.6648269014e-09
5.3262752791e+00 1.6944528012e-09
5.3475803802e+00 1.3965760897e-09
5.3689707017e+00 1.4300212886e-09
5.3904465845e+00 1.4912650179e-09
5.4120083709e+00 1.2448500298e-09
5.4336564043e+00 1.2870794197e-09
5.4553910300e+00 1.3279261815e-09
5.4772125941e+00 1.2855712721e-09
5.4991214445e+00 1.2908840542e-09
5.5211179302e+00 1.1667607356e-09
5.5432024020e+00 1.1536584619e-09
5.5653752116e+00 1.1196129973e-09
5.5876367124e+00 1.1156320103e-09
5.6099872593e+00 1.0777065146e-09
5.6324272083e+00 1.1169807055e-09
5.6549569171e+00 1.0485798398e-09
5.6775767448e+00 1.0266791516e-09
5.7002870518e+00 1.0432323505e-09
5.7230882000e+00 9.9328497821e-10
5.7459805528e+00 1.0360330426e-09
5.7689644750e+00 9.7599345281e-10
5.7920403329e+00 1.0741042900e-09
5.8152084942e+00 9.5538234696e-10
5.8384693282e+00 8.8662463238e-10
5.8618232055e+00 9.5847240654e-10
5.8852704983e+00 9.2462968820e-10
5.9088115803e+00 9.9511137353e-10
5.9324468267e+00 9.3190696715e-10
5.9561766140e+00 9.3195325268e-10
5.9800013204e+00 9.6280531692e-10
6.0039213257e+00 9.9094172541e-10
6.0279370110e+00 8.9414063067e-10
6.0520487591e+00 8.1087426020e-10
6.0762569541e+00 8.0461073379e-10
6.1005619819e+00 7.8755244478e-10
6.1249642298e+00 7.1481854000e-10
6.1494640868e+00 6.6122371635e-10
6.1740619431e+00 6.5016292866e-10
6.1987581909e+00 7.2900444027e-10
6.2235532236e+00 7.4909152817e-10
6.2484474365e+00 6.8954496275e-10
6.2734412263e+00 7.0905037192e-10
6.2985349912e+00 7.8041304484e-10
6.3237291311e+00 7.6288213158e-10
6.3490240477e+00 7.4597892857e-10
6.3744201439e+00 7.6350173148e-10
6.3999178244e+00 7.1614927223e-10
6.4255174957e+00 6.9495092561e-10
6.4512195657e+00 7.3498210027e-10
6.4770244440e+00 6.3870160625e-10
6.5029325418e+00 6.7298235586e-10
6.5289442719e+00 7.1885675122e-10
6.5550600490e+00 6.9943780146e-10
6.5812802892e+00 6.7468072855e-10
6.6076054104e+00 6.6135882250e-10
6.6340358320e+00 5.9178824945e-10
6.6605719753e+00 6.9382067902e-10
6.6872142632e+00 7.2540183093e-10
6.7139631203e+00 6.7810594623e-10
6.7408189728e+00 6.5549520280e-10
6.7677822487e+00 6.9333745898e-10
6.7948533777e+00 6.3926179664e-10
6.8220327912e+00 6.4648562199e-10
6.8493209223e+00 6.5510794414e-10
6.8767182060e+00 6.0423480325e-10
6.9042250788e+00 6.9511393119e-10
6.9318419792e+00 6.7039992138e-10
6.9595693471e+00 6.3218493191e-10
6.9874076245e+00 6.4077069721e-10
7.0153572550e+00 6.0297904141e-10
7.0434186840e+00 5.7861112180e-10
7.0715923587e+00 5.7259021355e-10
7.0998787281e+00 5.6947353156e-10
7.1282782431e+00 5.8119785074e-10
7.1567913560e+00 5.4061861046e-10
7.1854185215e+00 5.5149635865e-10
7.2141601955e+00 5.2143258139e-10
7.2430168363e+00 5.1014123447e-10
7.2719889037e+00 5.1981722454e-10
7.3010768593e+00 5.0285942692e-10
7.3302811667e+00 4.9743410019e-10
7.3596022914e+00 4.8260345160e-10
7.3890407006e+00 4.7611540109e-10
7.4185968634e+00 4.8611147679e-10
7.4482712508e+00 4.8876776560e-10
7.4780643358e+00 4.7226968729e-10
7.5079765932e+00 5.0758729067e-10
7.5380084995e+00 5.3482678494e-10
7.5681605335e+00 5.3547746169e-10
7.5984331757e+00 5.1194022531e-10
7.6288269084e+00 5.6908313088e-10
7.6593422160e+00 4.2619855939e-10
7.6899795849e+00 3.8100995142e-10
7.7207395032e+00 3.8384933351e-10
7.7516224612e+00 3.8792477480e-10
7.7826289511e+00 4.1375243965e-10
7.8137594669e+00 4.1303295266e-10
7.8450145047e+00 4.5467968568e-10
7.8763945628e+00 4.4322975872e-10
7.9079001410e+00 4.2338803457e-10
7.9395317416e+00 4.7997622343e-10
7.9712898685e+00 4.6294248338e-10
8.0031750280e+00 4.5100031907e-10
8.0351877281e+00 4.5827758433e-10
8.0673284790e+00 4.5049164799e-10
8.0995977929e+00 4.4924561261e-10
8.1319961841e+00 4.3338228947e-10
8.1645241689e+00 4.5077189373e-10
8.1971822655e+00 4.3800404265e-10
8.2299709946e+00 4.3041888713e-10
8.2628908786e+00 4.2764245016e-10
8.2959424421e+00 4.6219801979e-10
8.3291262119e+00 4.4160769635e-10
8.3624427167e+00 4.1013280105e-10
8.3958924876e+00 4.4091582964e-10
8.4294760575e+00 4.6217845862e-10
8.4631939617e+00 4.6831660613e-10
8.4970467376e+00 4.1058304222e-10
8.5310349245e+00 4.2732763821e-10
8.5651590642e+00 4.6080447627e-10
8.5994197005e+00 4.7620363461e-10
8.6338173793e+00 3.9810892647e-10
8.6683526488e+00 4.4165849298e-10
8.7030260594e+00 4.4380087221e-10
8.7378381637e+00 4.6159621554e-10
8.7727895163e+00 4.2629076534e-10
8.8078806744e+00 4.0986241664e-10
8.8431121971e+00 4.4188543704e-10
8.8784846459e+00 4.7913265900e-10
8.9139985844e+00 4.3131283579e-10
8.9496545788e+00 3.8152004807e-10
8.9854531971e+00 4.2581129981e-10
9.0213950099e+00 4.5396759196e-10
9.0574805899e+00 4.2168714757e-10
9.0937105123e+00 4.1944535097e-10
9.1300853543e+00 3.9719622540e-10
9.1666056957e+00 4.2995978496e-10
9.2032721185e+00 3.8908176644e-10
9.2400852070e+00 4.7130830337e-10
9.2770455478e+00 3.8885541368e-10
9.3141537300e+00 3.8264934771e-10
9.3514103449e+00 4.3852606722e-10
9.3888159863e+00 4.3248152988e-10
9.4263712503e+00 4.1621348226e-10
9.4640767353e+00 3.8405653704e-10
9.5019330422e+00 4.0566914512e-10
9.5399407744e+00 4.1871300877e-10
9.5781005375e+00 4.3765317245e-10
9.6164129396e+00 3.9466322994e-10
9.6548785914e+00 3.8060709103e-10
9.6934981058e+00 3.8473244250e-10
9.7322720982e+00 4.3685805525e-10
9.7712011866e+00 4.1653264200e-10
9.8102859913e+00 4.0529982271e-10
9.8495271353e+00 4.0817543939e-10
9.8889252438e+00 3.6254403260e-10
9.9284809448e+00 3.8981688599e-10
9.9681948686e+00 4.2553958586e-10
1.0008067648e+01 3.9889561539e-10
1.0048099919e+01 3.7513457243e-10
1.0088292318e+01 3.2916428867e-10
1.0128645488e+01 3.6065599144e-10
1.0169160070e+01 3.5910935322e-10
1.0209836710e+01 3.4828831054e-10
1.0250676057e+01 3.3116794974e-10
1.0291678761e+01 3.0954535111e-10
1.0332845476e+01 2.4248381966e-10
1.0374176858e+01 1.9022223154e-10
1.0415673565e+01 2.0248649456e-10
1.0457336260e+01 2.0262509967e-10
1.0499165605e+01 2.1449714248e-10
1.0541162267e+01 2.1476931901e-10
1.0583326916e+01 2.2099895117e-10
1.0625660224e+01 2.2645671672e-10
1.0668162865e+01 2.1591841048e-10
1.0710835516e+01 1.9365934873e-10
1.0753678858e+01 1.8785644482e-10
1.0796693574e+01 2.0733545365e-10
1.0839880348e+01 2.2034143365e-10
1.0883239869e+01 2.1832422472e-10
1.0926772829e+01 2.0594485613e-10
1.0970479920e+01 2.1432395896e-10
1.1014361840e+01 2.1495958025e-10
1.1058419287e+01 2.2977638385e-10
1.1102652964e+01 2.3236641098e-10
1.1147063576e+01 2.3226347171e-10
1.1191651830e+01 2.3010455155e-10
1.1236418438e+01 2.2568451930e-10
1.1281364111e+01 2.2260310191e-10
1.1326489568e+01 2.4758933151e-10
1.1371795526e+01 2.2576224990e-10
1.1417282708e+01 2.4571326698e-10
1.1462951839e+01 2.2496194558e-10
1.1508803646e+01 2.1825417261e-10
1.1554838861e+01 2.3088071953e-10
1.1601058217e+01 2.3154346472e-10
1.1647462449e+01 2.2379491702e-10
1.1694052299e+01 2.0813117566e-10
1.1740828508e+01 1.9601994304e-10
1.1787791822e+01 2.0333077136e-10
1.1834942990e+01 2.0859344829e-10
1.1882282762e+01 2.1359220066e-10
1.1929811893e+01 2.1003062219e-10
1.1977531140e+01 1.8270010003e-10
1.2025441265e+01 1.8922806701e-10
1.2073543030e+01 1.7427866977e-10
1.2121837202e+01 1.8735893412e-10
1.2170324551e+01 1.9877826918e-10
1.2219005849e+01 1.8615075922e-10
1.2267881872e+01 1.6667833560e-10
1.2316953400e+01 1.8055518743e-10
1.2366221214e+01 1.6042796060e-10
1.2415686098e+01 1.6334145485e-10
1.2465348843e+01 1.8480235478e-10
1.2515210238e+01 1.6319350927e-10
1.2565271079e+01 1.6195537388e-10
1.2615532163e+01 1.6227266461e-10
1.2665994292e+01 1.6105691717e-10
1.2716658269e+01 1.4286130627e-10
1.2767524902e+01 1.6254942286e-10
1.2818595002e+01 1.4856455541e-10
1.2869869382e+01 1.5277034587e-10
1.2921348859e+01 1.4318018326e-10
1.2973034255e+01 1.4748981820e-10
1.3024926392e+01 1.3808865938e-10
1.3077026097e+01 1.4620666503e-10
1.3129334202e+01 1.4214894216e-10
1.3181851539e+01 1.4667555233e-10
1.3234578945e+01 1.3988520294e-10
1.3287517261e+01 1.3265775065e-10
1.3340667330e+01 1.2386154737e-10
1.3394029999e+01 1.2949131943e-10
1.3447606119e+01 1.2940787938e-10
1.3501396543e+01 1.4010709421e-10
1.3555402130e+01 1.2989103626e-10
1.3609623738e+01 1.3100382875e-10
1.3664062233e+01 1.2198783602e-10
1.3718718482e+01 1.2186888767e-10
1.3773593356e+01 1.2133873114e-10
1.3828687729e+01 1.1860349836e-10
1.3884002480e+01 1.3007714390e-10
1.3939538490e+01 1.2437514220e-10
1.3995296644e+01 1.2036486942e-10
1.4051277831e+01 1.1260009525e-10
1.4107482942e+01 1.1087188281e-10
1.4163912874e+01 1.1216277676e-10
1.4220568525e+01 1.1062075451e-10
1.4277450799e+01 1.1385073211e-10
1.4334560603e+01 1.0723242089e-10
1.4391898845e+01 1.1316461076e-10
1.4449466440e+01 9.9679898931e-11
1.4507264306e+01 9.9684920009e-11
1.4565293363e+01 1.0389968150e-10
1.4623554537e+01 1.0327604569e-10
1.4682048755e+01 1.0059115788e-10
1.4740776950e+01 1.0184611516e-10
1.4799740058e+01 9.8829627777e-11
1.4858939018e+01 9.8190273186e-11
1.4918374774e+01 9.2300050113e-11
1.4978048273e+01 9.8716312051e-11
1.5037960466e+01 9.1613422043e-11
1.5098112308e+01 9.1046816319e-11
1.5158504757e+01 8.9473836357e-11
1.5219138776e+01 9.1415496580e-11
1.5280015332e+01 9.2159991483e-11
1.5341135393e+01 8.7602545191e-11
1.5402499934e+01 8.6712789965e-11
1.5464109934e+01 8.1387559565e-11
1.5525966374e+01 8.5032890788e-11
1.5588070239e+01 8.0682660196e-11
1.5650422520e+01 8.2928252363e-11
1.5713024210e+01 7.5728065379e-11
1.5775876307e+01 7.3967791741e-11
1.5838979813e+01 7.3906609931e-11
1.5902335732e+01 7.0571165898e-11
1.5965945075e+01 7.1497282096e-11
1.6029808855e+01 7.3539633577e-11
1.6093928090e+01 7.4526974924e-11
1.6158303803e+01 7.4565595634e-11
1.6222937018e+01 7.1313767445e-11
1.6287828766e+01 6.8927615325e-11
1.6352980081e+01 6.8199914126e-11
1.6418392001e+01 6.9916680260e-11
1.6484065569e+01 7.0257231993e-11
1.6550001832e+01 6.5462827183e-11
1.6616201839e+01 6.5242598817e-11
1.6682666646e+01 6.5060829685e-11
1.6749397313e+01 6.6304592227e-11
1.6816394902e+01 6.5625811062e-11
1.6883660482e+01 6.6199177920e-11
1.6951195124e+01 6.4622405691e-11
1.7018999904e+01 6.6399169060e-11
1.7087075904e+01 6.2057713630e-11
1.7155424208e+01 6.3219371828e-11
1.7224045904e+01 5.8962290193e-11
1.7292942088e+01 6.2238363047e-11
1.7362113856e+01 5.6798613369e-11
1.7431562312e+01 6.0372111516e-11
1.7501288561e+01 5.6912498167e-11
1.7571293715e+01 5.8868029590e-11
1.7641578890e+01 5.6530623908e-11
1.7712145206e+01 5.5813343275e-11
1.7782993786e+01 5.8663833233e-11
1.7854125762e+01 5.4127325469e-11
1.7925542265e+01 5.1323260781e-11
1.7997244434e+01 5.4594182348e-11
1.8069233411e+01 5.2211380493e-11
1.8141510345e+01 5.0548323586e-11
1.8214076386e+01 5.0221101090e-11
1.8286932692e+01 5.0427386084e-11
1.8360080423e+01 5.0361025444e-11
1.8433520744e+01 5.0954522753e-11
1.8507254827e+01 4.7134576366e-11
1.8581283847e+01 4.6746402399e-11
1.8655608982e+01 4.6003593560e-11
1.8730231418e+01 4.4414894254e-11
1.8805152344e+01 4.7009581042e-11
1.8880372953e+01 4.7290440766e-11
1.8955894445e+01 4.5036339378e-11
1.9031718023e+01 4.1589119929e-11
1.9107844895e+01 4.3054200694e-11
1.9184276274e+01 4.1553405204e-11
1.9261013379e+01 3.8469429859e-11
1.9338057433e+01 4.0016803320e-11
1.9415409663e+01 3.5979345016e-11
1.9493071301e+01 4.0116200602e-11
1.9571043587e+01 3.6720650111e-11
1.9649327761e+01 3.7886752550e-11
1.9727925072e+01 3.7227954436e-11
1.9806836772e+01 3.4672099096e-11
1.9886064119e+01 3.2496786838e-11
1.9965608376e+01 3.2064882458e-11
2.0045470809e+01 3.2357234527e-11
2.0125652693e+01 3.3971579104e-11
2.0206155303e+01 3.2525982589e-11
2.0286979925e+01 3.2080789622e-11
2.0368127844e+01 3.0412278077e-11
2.0449600356e+01 3.1248383387e-11
2.0531398757e+01 3.0828256743e-11
2.0613524352e+01 3.1103390607e-11
2.0695978450e+01 3.3138438923e-11
2.0778762363e+01 3.0052352720e-11
2.0861877413e+01 3.2976960606e-11
2.0945324922e+01 3.0880003142e-11
2.1029106222e+01 2.9623378982e-11
2.1113222647e+01 2.8699285760e-11
2.1197675538e+01 2.8047445192e-11
2.1282466240e+01 2.8965440628e-11
2.1367596105e+01 2.5846775322e-11
2.1453066489e+01 2.8870080298e-11
2.1538878755e+01 2.8723179834e-11
2.1625034270e+01 2.5877143918e-11
2.1711534407e+01 2.6038051024e-11
2.1798380545e+01 2.6568757289e-11
2.1885574067e+01 2.5209177568e-11
2.1973116363e+01 2.6774034032e-11
2.2061008829e+01 2.4040434052e-11
2.2149252864e+01 2.6344101094e-11
2.2237849875e+01 2.4245428642e-11
2.2326801275e+01 2.4384236558e-11
2.2416108480e+01 2.2012731731e-11
2.2505772914e+01 2.2263052493e-11
2.2595796006e+01 2.2269166959e-11
2.2686179190e+01 2.3649833681e-11
2.2776923906e+01 2.3574378948e-11
2.2868031602e+01 2.1876878408e-11
2.2959503728e+01 2.0146447386e-11
2.3051341743e+01 2.2461454372e-11
2.3143547110e+01 2.2144299286e-11
2.3236121299e+01 2.1682857936e-11
2.3329065784e+01 2.1676904286e-11
2.3422382047e+01 2.1317402140e-11
2.3516071575e+01 1.8493626490e-11
2.3610135862e+01 1.7709389851e-11
2.3704576405e+01 1.9231818332e-11
2.3799394711e+01 1.8472041643e-11
2.3894592290e+01 1.6047011825e-11
2.3990170659e+01 1.9031068275e-11
2.4086131341e+01 1.9100949821e-11
2.4182475867e+01 1.9111137538e-11
2.4279205770e+01 1.8277387728e-11
2.4376322593e+01 1.8035635106e-11
2.4473827884e+01 1.7471953393e-11
2.4571723195e+01 1.7181688542e-11
2.4670010088e+01 1.7114397858e-11
2.4768690128e+01 1.7198079700e-11
2.4867764889e+01 1.6412389403e-11
2.4967235948e+01 1.4927343040e-11
2.5067104892e+01 1.4245226740e-11
2.5167373312e+01 1.3915088152e-11
2.5268042805e+01 1.5745770751e-11
2.5369114976e+01 1.3537920992e-11
2.5470591436e+01 1.4981520097e-11
2.5572473802e+01 1.4478916752e-11
2.5674763697e+01 1.5091375883e-11
2.5777462752e+01 1.5059881708e-11
2.5880572603e+01 1.4746795570e-11
2.5984094893e+01 1.3311333645e-11
2.6088031273e+01 1.3655754463e-11
2.6192383398e+01 1.3702512877e-11
2.6297152931e+01 1.3431846338e-11
2.6402341543e+01 1.3190710243e-11
2.6507950909e+01 1.2664143792e-11
2.6613982713e+01 1.0814306717e-11
2.6720438644e+01 1.1077558538e-11
2.6827320398e+01 1.2376669906e-11
2.6934629680e+01 1.2669877435e-11
2.7042368199e+01 1.1552358696e-11
2.7150537672e+01 1.2091081918e-11
2.7259139822e+01 1.2287407199e-11
2.7368176382e+01 1.2184366298e-11
2.7477649087e+01 1.1583402098e-11
2.7587559683e+01 1.1498879011e-11
2.7697909922e+01 1.1277935816e-11
2.7808701562e+01 1.0424148593e-11
2.7919936368e+01 9.7838389253e-12
2.8031616114e+01 1.0108443116e-11
2.8143742578e+01 9.9090516506e-12
2.8256317548e+01 9.0779905768e-12
2.8369342818e+01 9.0650865639e-12
2.8482820190e+01 9.1579616839e-12
2.8596751471e+01 8.6865831304e-12
2.8711138476e+01 9.6123130443e-12
2.8825983030e+01 9.5140330808e-12
2.8941286962e+01 9.4303655658e-12
2.9057052110e+01 9.1224653858e-12
2.9173280319e+01 8.6119424595e-12
2.9289973440e+01 8.4026778603e-12
2.9407133334e+01 8.8039145068e-12
2.9524761867e+01 8.1575996549e-12
2.9642860915e+01 9.3222843897e-12
2.9761432358e+01 8.9438623907e-12
2.9880478088e+01 7.8289777859e-12
